0.512232 0.622275 0.663621 0.531486 0.682164 0.666108 0.671310 0.615627 0.664126 0.533369 0.537741 0.634134 0.668556 0.606856 0.663225 0.633523 0.609506 0.596661 0.609524 0.674630 0.663083 0.666129 0.695505 0.500989 0.524653 0.675183 0.580171 0.653885 0.528079 0.611529 0.641360 0.685455 0.673987 0.600696 0.530135 0.524420 0.586075 0.635922 0.621733 0.612485 0.617261 0.706832 0.693708 0.638950 0.630315 0.668762 0.702027 0.707067 0.670441 0.528290 0.625707 0.659595 0.678519 0.671098 0.643626 0.542499 0.533227 0.720389 0.657714 0.660980 0.569892 0.665142 0.625302 0.669839 0.547505 0.625253
0.622275 0.555929 0.611185 0.623321 0.625107 0.609061 0.614075 0.581152 0.607078 0.622165 0.616858 0.576433 0.611520 0.574030 0.610808 0.575780 0.565455 0.562623 0.623945 0.617592 0.610703 0.609111 0.638439 0.600745 0.619527 0.618145 0.534509 0.596485 0.611785 0.550588 0.588738 0.628443 0.616949 0.567056 0.639999 0.621698 0.577175 0.576109 0.590353 0.622254 0.564978 0.649771 0.636660 0.605342 0.579623 0.611725 0.645009 0.650005 0.614891 0.630673 0.568015 0.606986 0.621482 0.614063 0.585919 0.612163 0.607555 0.663377 0.605211 0.603747 0.584180 0.608082 0.567609 0.612801 0.602324 0.573819
0.663621 0.611185 0.527625 0.665058 0.645825 0.629537 0.639387 0.626709 0.627560 0.663967 0.658853 0.614074 0.631693 0.619476 0.529584 0.614053 0.611797 0.608081 0.666584 0.637825 0.529247 0.628841 0.659402 0.641300 0.661199 0.638381 0.579297 0.625858 0.653695 0.597185 0.633690 0.648020 0.637185 0.612534 0.681332 0.663299 0.621729 0.623512 0.634926 0.650451 0.612495 0.670614 0.657148 0.650813 0.619704 0.631957 0.664746 0.670855 0.599085 0.671440 0.605448 0.532206 0.641691 0.634222 0.623545 0.654373 0.649675 0.682964 0.524846 0.628977 0.627881 0.628908 0.605218 0.633034 0.644873 0.622272
0.531486 0.623321 0.665058 0.512067 0.683273 0.667219 0.672402 0.616414 0.665236 0.520857 0.536069 0.635182 0.669667 0.607614 0.664662 0.634569 0.610498 0.597433 0.610540 0.675741 0.664523 0.667242 0.696614 0.517851 0.520855 0.676294 0.581066 0.654964 0.525827 0.612573 0.642326 0.686569 0.675098 0.601464 0.549347 0.533067 0.586349 0.636951 0.622933 0.618268 0.618302 0.707941 0.694818 0.639717 0.631445 0.669874 0.703140 0.708175 0.671681 0.545705 0.626756 0.661023 0.679630 0.672209 0.644674 0.540795 0.531304 0.721503 0.659147 0.662073 0.569690 0.666251 0.626351 0.670950 0.546205 0.626262
0.682164 0.625107 0.645825 0.683273 0.485715 0.486838 0.539021 0.640709 0.484794 0.682127 0.676852 0.585020 0.492109 0.633391 0.645643 0.587822 0.627903 0.621642 0.684419 0.498004 0.645369 0.490882 0.517527 0.660505 0.679469 0.498551 0.585915 0.552816 0.671764 0.607413 0.638599 0.510640 0.497356 0.626324 0.699886 0.681628 0.637065 0.631487 0.652063 0.679838 0.628820 0.528382 0.514214 0.664568 0.641312 0.492139 0.526756 0.528613 0.588854 0.690467 0.575284 0.639047 0.502014 0.494988 0.594581 0.672194 0.667568 0.545546 0.640103 0.528022 0.644393 0.483181 0.575988 0.493214 0.662436 0.637631
0.666108 0.609061 0.629537 0.667219 0.486838 0.426221 0.523380 0.624666 0.429742 0.666073 0.660798 0.569131 0.471771 0.617348 0.629357 0.571923 0.611853 0.605601 0.668365 0.476915 0.629081 0.470813 0.495109 0.644448 0.663414 0.477447 0.569896 0.537102 0.655711 0.591378 0.622586 0.490588 0.476248 0.610282 0.683830 0.665573 0.621018 0.615462 0.636011 0.663754 0.612769 0.505444 0.462730 0.648526 0.625248 0.471059 0.506689 0.505679 0.571836 0.674411 0.559400 0.622734 0.482397 0.476358 0.578693 0.656141 0.651514 0.525492 0.623818 0.512361 0.628343 0.463470 0.560100 0.472130 0.646383 0.621582
0.671310 0.614075 0.639387 0.672402 0.539021 0.523380 0.499839 0.629614 0.521383 0.671254 0.665971 0.570907 0.526488 0.622289 0.639172 0.573917 0.616949 0.610518 0.673535 0.532424 0.638929 0.524888 0.551511 0.649685 0.668601 0.532972 0.574323 0.535828 0.660887 0.596177 0.626934 0.544519 0.531777 0.615214 0.689032 0.670763 0.626043 0.620067 0.641156 0.669536 0.617893 0.563169 0.550951 0.653456 0.630630 0.526560 0.560769 0.563386 0.594976 0.679638 0.561082 0.633111 0.536392 0.529079 0.580480 0.661304 0.656681 0.579434 0.633614 0.500894 0.633436 0.521607 0.561841 0.527635 0.651533 0.626649
0.615627 0.581152 0.626709 0.616414 0.640709 0.624666 0.629614 0.559977 0.622684 0.615215 0.609786 0.591774 0.627129 0.555682 0.626323 0.591135 0.568549 0.544238 0.619249 0.633200 0.626208 0.624725 0.654038 0.594625 0.612664 0.633753 0.532457 0.611979 0.604763 0.569819 0.596439 0.644059 0.632558 0.548031 0.633360 0.614881 0.564543 0.593694 0.591561 0.622977 0.576885 0.665372 0.652265 0.586453 0.591212 0.627333 0.660623 0.665605 0.630887 0.624407 0.583358 0.622576 0.637090 0.629672 0.601270 0.604970 0.600391 0.678993 0.620761 0.619290 0.575550 0.623683 0.582942 0.628409 0.595106 0.583591
0.664126 0.607078 0.627560 0.665236 0.484794 0.429742 0.521383 0.622684 0.426148 0.664090 0.658815 0.567145 0.469845 0.615365 0.627380 0.569937 0.609870 0.603618 0.666383 0.474951 0.627104 0.468890 0.492808 0.642466 0.661432 0.475481 0.567913 0.535111 0.653728 0.589395 0.620602 0.488664 0.474281 0.608299 0.681848 0.663591 0.619036 0.613478 0.634028 0.661772 0.610786 0.503148 0.459671 0.646543 0.623266 0.469095 0.504765 0.503381 0.569877 0.672428 0.557413 0.620758 0.480487 0.474444 0.576706 0.654158 0.649532 0.523569 0.621841 0.510362 0.626360 0.461199 0.558113 0.470165 0.644401 0.619599
0.533369 0.622165 0.663967 0.520857 0.682127 0.666073 0.671254 0.615215 0.664090 0.512212 0.534506 0.634026 0.668522 0.606410 0.663571 0.633413 0.609333 0.596231 0.609381 0.674595 0.663433 0.666097 0.695468 0.519360 0.524542 0.675149 0.579884 0.653813 0.524201 0.611417 0.641156 0.685424 0.673953 0.600262 0.551223 0.533397 0.585063 0.635792 0.621804 0.617900 0.617145 0.706796 0.693672 0.638514 0.630303 0.668728 0.701995 0.707030 0.670557 0.547302 0.625600 0.659931 0.678484 0.671064 0.643518 0.539181 0.529657 0.720358 0.658056 0.660925 0.568324 0.665106 0.625195 0.669804 0.544654 0.625100
0.537741 0.616858 0.658853 0.536069 0.676852 0.660798 0.665971 0.609786 0.658815 0.534506 0.512130 0.628721 0.663247 0.600967 0.658458 0.628106 0.603998 0.590795 0.603818 0.669321 0.658321 0.660824 0.690192 0.522182 0.532683 0.669874 0.574506 0.648522 0.523201 0.606109 0.635811 0.680150 0.668679 0.594825 0.555566 0.535109 0.579403 0.630477 0.616560 0.614945 0.611835 0.701520 0.688397 0.633076 0.625037 0.663454 0.696721 0.701754 0.665346 0.550501 0.620295 0.654814 0.673210 0.665789 0.638213 0.532385 0.522861 0.715084 0.652940 0.655642 0.562446 0.659830 0.619889 0.664530 0.538278 0.619775
0.634134 0.576433 0.614074 0.635182 0.585020 0.569131 0.570907 0.591774 0.567145 0.634026 0.628721 0.523360 0.571791 0.584430 0.613774 0.527045 0.579518 0.572596 0.636280 0.577822 0.613608 0.569667 0.598183 0.612600 0.631388 0.578374 0.535225 0.550327 0.623646 0.557934 0.587355 0.589102 0.577179 0.577333 0.651858 0.633558 0.588407 0.581220 0.603845 0.633841 0.580544 0.609596 0.596722 0.615568 0.593958 0.571956 0.605559 0.609825 0.598191 0.642528 0.515128 0.608965 0.581729 0.574344 0.533066 0.624030 0.619417 0.624029 0.608180 0.560634 0.595981 0.567920 0.514599 0.573032 0.614226 0.589137
0.668556 0.611520 0.631693 0.669667 0.492109 0.471771 0.526488 0.627129 0.469845 0.668522 0.663247 0.571791 0.461435 0.619812 0.631516 0.574569 0.614307 0.608066 0.670815 0.474532 0.631237 0.466297 0.506401 0.646893 0.665862 0.475120 0.572391 0.539979 0.658159 0.593850 0.625086 0.486108 0.473923 0.612745 0.686278 0.668021 0.623477 0.617946 0.638462 0.666165 0.615221 0.516164 0.499573 0.650990 0.627684 0.468648 0.502187 0.516500 0.573096 0.676856 0.562066 0.624857 0.481186 0.476376 0.581352 0.658590 0.653964 0.521010 0.625978 0.515499 0.630797 0.475117 0.562761 0.469733 0.648834 0.624038
0.606856 0.574030 0.619476 0.607614 0.633391 0.617348 0.622289 0.555682 0.615365 0.606410 0.600967 0.584430 0.619812 0.542923 0.619091 0.583791 0.561736 0.535710 0.610787 0.625882 0.618975 0.617408 0.646719 0.585915 0.603868 0.626436 0.524499 0.604648 0.595949 0.562593 0.588827 0.636743 0.625240 0.539486 0.624590 0.606091 0.554912 0.586418 0.584067 0.615014 0.569884 0.658053 0.644947 0.577898 0.584147 0.620015 0.653306 0.658287 0.623617 0.615681 0.576014 0.615339 0.629773 0.622355 0.593926 0.596138 0.591561 0.671676 0.613529 0.611965 0.566496 0.616364 0.575598 0.621091 0.586271 0.576715
0.663225 0.610808 0.529584 0.664662 0.645643 0.629357 0.639172 0.626323 0.627380 0.663571 0.658458 0.613774 0.631516 0.619091 0.526570 0.613748 0.611405 0.607697 0.666189 0.637647 0.528878 0.628666 0.659219 0.640902 0.660803 0.638203 0.578932 0.625615 0.653299 0.596825 0.633332 0.647847 0.637007 0.612149 0.680936 0.662903 0.621341 0.623151 0.634531 0.650030 0.612103 0.670432 0.656969 0.650428 0.619273 0.631779 0.664572 0.670673 0.599164 0.671043 0.605149 0.532671 0.641513 0.634045 0.623244 0.653978 0.649280 0.682791 0.524801 0.628763 0.627489 0.628726 0.604918 0.632856 0.644478 0.621885
0.633523 0.575780 0.614053 0.634569 0.587822 0.571923 0.573917 0.591135 0.569937 0.633413 0.628106 0.527045 0.574569 0.583791 0.613748 0.525392 0.578888 0.571956 0.635663 0.580603 0.613585 0.572426 0.600996 0.611993 0.630775 0.581155 0.534657 0.553541 0.623032 0.557239 0.586586 0.591854 0.579960 0.576694 0.651247 0.632945 0.587777 0.580473 0.603223 0.633301 0.579914 0.612404 0.599514 0.614929 0.593363 0.574737 0.608319 0.612634 0.599420 0.641920 0.518798 0.608994 0.584509 0.577122 0.536724 0.623414 0.618802 0.626781 0.608153 0.563640 0.595358 0.570728 0.518278 0.575813 0.613609 0.588499
0.609506 0.565455 0.611797 0.610498 0.627903 0.611853 0.616949 0.568549 0.609870 0.609333 0.603998 0.579518 0.614307 0.561736 0.611405 0.578888 0.547045 0.550715 0.610725 0.620379 0.611297 0.611890 0.641239 0.588089 0.606713 0.620932 0.529966 0.599435 0.598938 0.555697 0.588554 0.631219 0.619737 0.554868 0.627233 0.608893 0.564386 0.580474 0.576507 0.611418 0.559009 0.652569 0.639452 0.593201 0.573821 0.614512 0.647787 0.652803 0.617012 0.617985 0.571096 0.607730 0.624269 0.616849 0.589008 0.599271 0.594679 0.666153 0.605844 0.606621 0.571110 0.610879 0.570689 0.615588 0.589363 0.566804
0.596661 0.562623 0.608081 0.597433 0.621642 0.605601 0.610518 0.544238 0.603618 0.596231 0.590795 0.572596 0.608066 0.535710 0.607697 0.571956 0.550715 0.520902 0.600524 0.614136 0.607581 0.605665 0.634969 0.575692 0.593685 0.614689 0.511167 0.592858 0.585774 0.550998 0.576427 0.624999 0.613494 0.527904 0.614394 0.595905 0.545026 0.574753 0.573371 0.604412 0.558701 0.646304 0.633199 0.565766 0.572976 0.608269 0.641562 0.646538 0.612039 0.605465 0.564182 0.603935 0.618027 0.610609 0.582093 0.585972 0.581394 0.659933 0.602133 0.600194 0.556455 0.604615 0.563763 0.609345 0.576117 0.565504
0.609524 0.623945 0.666584 0.610540 0.684419 0.668365 0.673535 0.619249 0.666383 0.609381 0.603818 0.636280 0.670815 0.610787 0.666189 0.635663 0.610725 0.600524 0.472942 0.676888 0.666056 0.668391 0.697759 0.588084 0.606751 0.677441 0.583183 0.656084 0.598988 0.613406 0.643850 0.687718 0.676246 0.604578 0.627248 0.608917 0.596878 0.637879 0.618885 0.629384 0.618623 0.709087 0.695964 0.642861 0.631867 0.671021 0.704289 0.709321 0.672948 0.617972 0.627854 0.662532 0.680777 0.673356 0.645771 0.598123 0.594801 0.722652 0.660666 0.663206 0.587148 0.667397 0.627449 0.672097 0.588811 0.626794
0.674630 0.617592 0.637825 0.675741 0.498004 0.476915 0.532424 0.633200 0.474951 0.674595 0.669321 0.577822 0.474532 0.625882 0.637647 0.580603 0.620379 0.614136 0.676888 0.466549 0.637369 0.474323 0.510117 0.652968 0.671936 0.468694 0.578455 0.545966 0.664233 0.599919 0.631149 0.494121 0.469154 0.618816 0.692352 0.674095 0.629548 0.624012 0.644535 0.672246 0.621294 0.519247 0.504718 0.657060 0.633761 0.462849 0.510207 0.519646 0.579407 0.682930 0.568095 0.630995 0.487747 0.482838 0.587383 0.664664 0.660037 0.529023 0.632109 0.521427 0.636870 0.479760 0.568792 0.462851 0.654907 0.630110
0.663083 0.610703 0.529247 0.664523 0.645369 0.629081 0.638929 0.626208 0.627104 0.663433 0.658321 0.613608 0.631237 0.618975 0.528878 0.613585 0.611297 0.607581 0.666056 0.637369 0.526180 0.628385 0.658946 0.640756 0.660663 0.637925 0.578810 0.625397 0.653161 0.596712 0.633209 0.647564 0.636730 0.612034 0.680794 0.662763 0.621220 0.623035 0.634413 0.649796 0.612000 0.670158 0.656693 0.650313 0.619176 0.631501 0.664290 0.670399 0.598634 0.670897 0.604981 0.531433 0.641235 0.633767 0.623078 0.653842 0.649143 0.682508 0.524746 0.628519 0.627363 0.628452 0.604752 0.632578 0.644344 0.621778
0.666129 0.609111 0.628841 0.667242 0.490882 0.470813 0.524888 0.624725 0.468890 0.666097 0.660824 0.569667 0.466297 0.617408 0.628666 0.572426 0.611890 0.605665 0.668391 0.474323 0.628385 0.424307 0.505413 0.644464 0.663438 0.474908 0.570032 0.538168 0.655735 0.591461 0.622735 0.444885 0.473713 0.610343 0.683852 0.665596 0.621066 0.615573 0.636040 0.663688 0.612802 0.515248 0.498603 0.648588 0.625242 0.468440 0.469380 0.515578 0.568788 0.674428 0.559949 0.621957 0.480036 0.474994 0.579227 0.656167 0.651541 0.480032 0.623131 0.513904 0.628380 0.474051 0.560638 0.469524 0.646412 0.621624
0.695505 0.638439 0.659402 0.696614 0.517527 0.495109 0.551511 0.654038 0.492808 0.695468 0.690192 0.598183 0.506401 0.646719 0.659219 0.600996 0.641239 0.634969 0.697759 0.510117 0.658946 0.505413 0.468226 0.673848 0.692809 0.510546 0.599217 0.565809 0.685105 0.620735 0.651897 0.525172 0.509361 0.639651 0.713227 0.694969 0.650397 0.644799 0.665402 0.693209 0.642157 0.506678 0.522344 0.677896 0.654663 0.504306 0.541289 0.506525 0.603060 0.703810 0.588441 0.652650 0.517162 0.510828 0.607745 0.685533 0.680908 0.560078 0.653678 0.540337 0.657729 0.478742 0.589149 0.505354 0.675775 0.650965
0.500989 0.600745 0.641300 0.517851 0.660505 0.644448 0.649685 0.594625 0.642466 0.519360 0.522182 0.612600 0.646893 0.585915 0.640902 0.611993 0.588089 0.575692 0.588084 0.652968 0.640756 0.644464 0.673848 0.437770 0.511390 0.653521 0.558950 0.632290 0.513408 0.590002 0.619994 0.663788 0.652325 0.579734 0.518103 0.510705 0.566118 0.614427 0.599897 0.581214 0.595741 0.685175 0.672048 0.617991 0.608613 0.647101 0.680362 0.685409 0.648515 0.485999 0.604172 0.637290 0.656856 0.649435 0.622092 0.526559 0.517737 0.698723 0.635400 0.639355 0.550896 0.643485 0.603769 0.648177 0.530723 0.603797
0.524653 0.619527 0.661199 0.520855 0.679469 0.663414 0.668601 0.612664 0.661432 0.524542 0.532683 0.631388 0.665862 0.603868 0.660803 0.630775 0.606713 0.593685 0.606751 0.671936 0.660663 0.663438 0.692809 0.511390 0.512216 0.672489 0.577297 0.651165 0.522503 0.608779 0.638545 0.682764 0.671294 0.597717 0.542520 0.527786 0.582685 0.633160 0.619113 0.613685 0.614509 0.704137 0.691013 0.635970 0.627637 0.666069 0.699335 0.704371 0.667855 0.539157 0.622962 0.657165 0.675825 0.668404 0.640880 0.537460 0.528001 0.717698 0.655289 0.658272 0.566106 0.662447 0.622557 0.667145 0.542807 0.622475
0.675183 0.618145 0.638381 0.676294 0.498551 0.477447 0.532972 0.633753 0.475481 0.675149 0.669874 0.578374 0.475120 0.626436 0.638203 0.581155 0.620932 0.614689 0.677441 0.468694 0.637925 0.474908 0.510546 0.653521 0.672489 0.467205 0.579008 0.546516 0.664786 0.600472 0.631702 0.494706 0.469607 0.619369 0.692905 0.674648 0.630101 0.624565 0.645088 0.672800 0.621847 0.519640 0.505248 0.657614 0.634314 0.463653 0.510793 0.520043 0.579969 0.683484 0.568647 0.631551 0.488328 0.483414 0.587935 0.665217 0.660591 0.529609 0.632665 0.521975 0.637423 0.480242 0.569344 0.464315 0.655461 0.630663
0.580171 0.534509 0.579297 0.581066 0.585915 0.569896 0.574323 0.532457 0.567913 0.579884 0.574506 0.535225 0.572391 0.524499 0.578932 0.534657 0.529966 0.511167 0.583183 0.578455 0.578810 0.570032 0.599217 0.558950 0.577297 0.579008 0.404153 0.556325 0.569462 0.519396 0.535573 0.589382 0.577813 0.517034 0.597900 0.579495 0.531276 0.542366 0.553476 0.584391 0.534582 0.610563 0.597494 0.555086 0.548613 0.572588 0.605928 0.610796 0.579746 0.588793 0.526829 0.574948 0.582348 0.574935 0.544745 0.569741 0.565149 0.624315 0.573349 0.564014 0.540887 0.568876 0.526363 0.573664 0.559902 0.542217
0.653885 0.596485 0.625858 0.654964 0.552816 0.537102 0.535828 0.611979 0.535111 0.653813 0.648522 0.550327 0.539979 0.604648 0.625615 0.553541 0.599435 0.592858 0.656084 0.545966 0.625397 0.538168 0.565809 0.632290 0.651165 0.546516 0.556325 0.505453 0.643442 0.578400 0.608762 0.557718 0.545321 0.597567 0.671609 0.653329 0.608472 0.602112 0.623682 0.652593 0.600400 0.577307 0.564683 0.635807 0.613356 0.540100 0.574054 0.577531 0.591534 0.662235 0.540425 0.619989 0.549890 0.542541 0.559910 0.643848 0.639228 0.592637 0.620042 0.525420 0.615922 0.535642 0.541355 0.541176 0.634066 0.609106
0.528079 0.611785 0.653695 0.525827 0.671764 0.655711 0.660887 0.604763 0.653728 0.524201 0.523201 0.623646 0.658159 0.595949 0.653299 0.623032 0.598938 0.585774 0.598988 0.664233 0.653161 0.655735 0.685105 0.513408 0.522503 0.664786 0.569462 0.643442 0.512343 0.601036 0.630754 0.675062 0.663591 0.589804 0.545920 0.525306 0.574468 0.625408 0.611468 0.608828 0.606764 0.696433 0.683310 0.628057 0.619946 0.658366 0.691633 0.696667 0.660231 0.541501 0.615221 0.649657 0.668122 0.660701 0.633139 0.528009 0.518404 0.709996 0.647782 0.650558 0.557596 0.654743 0.614815 0.659442 0.533618 0.614710
0.611529 0.550588 0.597185 0.612573 0.607413 0.591378 0.596177 0.569819 0.589395 0.611417 0.606109 0.557934 0.593850 0.562593 0.596825 0.557239 0.555697 0.550998 0.613406 0.599919 0.596712 0.591461 0.620735 0.590002 0.608779 0.600472 0.519396 0.578400 0.601036 0.529243 0.571566 0.610799 0.599276 0.555563 0.629253 0.610950 0.566123 0.559170 0.580323 0.611475 0.555937 0.632072 0.618976 0.593828 0.569763 0.594052 0.627358 0.632306 0.598799 0.619929 0.549527 0.592830 0.603810 0.596393 0.567421 0.601414 0.596805 0.645733 0.591210 0.585853 0.573392 0.590383 0.549113 0.595128 0.591589 0.564769
0.641360 0.588738 0.633690 0.642326 0.638599 0.622586 0.626934 0.596439 0.620602 0.641156 0.635811 0.587355 0.625086 0.588827 0.633332 0.586586 0.588554 0.576427 0.643850 0.631149 0.633209 0.622735 0.651897 0.619994 0.638545 0.631702 0.535573 0.608762 0.630754 0.571566 0.563581 0.642088 0.630507 0.581562 0.659087 0.640730 0.594108 0.593651 0.612556 0.643534 0.591193 0.663246 0.650183 0.619733 0.605127 0.625282 0.658632 0.663479 0.633165 0.649876 0.578971 0.629275 0.635043 0.627631 0.596872 0.631080 0.626479 0.677020 0.627736 0.616619 0.602622 0.621559 0.578531 0.626358 0.621249 0.599262
0.685455 0.628443 0.648020 0.686569 0.510640 0.490588 0.544519 0.644059 0.488664 0.685424 0.680150 0.589102 0.486108 0.636743 0.647847 0.591854 0.631219 0.624999 0.687718 0.494121 0.647564 0.444885 0.525172 0.663788 0.682764 0.494706 0.589382 0.557718 0.675062 0.610799 0.642088 0.389755 0.493511 0.629677 0.703177 0.684922 0.640397 0.634918 0.655368 0.682995 0.632130 0.535013 0.518377 0.667922 0.644563 0.488239 0.489245 0.535342 0.587443 0.693753 0.579387 0.641120 0.499820 0.494761 0.598661 0.675494 0.670868 0.429232 0.642312 0.533537 0.647710 0.493812 0.580073 0.489322 0.665740 0.640954
0.673987 0.616949 0.637185 0.675098 0.497356 0.476248 0.531777 0.632558 0.474281 0.673953 0.668679 0.577179 0.473923 0.625240 0.637007 0.579960 0.619737 0.613494 0.676246 0.469154 0.636730 0.473713 0.509361 0.652325 0.671294 0.469607 0.577813 0.545321 0.663591 0.599276 0.630507 0.493511 0.465753 0.618174 0.691709 0.673453 0.628906 0.623370 0.643892 0.671605 0.620652 0.518458 0.504050 0.656418 0.633118 0.463359 0.509597 0.518859 0.578774 0.682288 0.567451 0.630355 0.487131 0.482217 0.586739 0.664021 0.659395 0.528413 0.631469 0.520779 0.636227 0.479049 0.568148 0.464399 0.654265 0.629468
0.600696 0.567056 0.612534 0.601464 0.626324 0.610282 0.615214 0.548031 0.608299 0.600262 0.594825 0.577333 0.612745 0.539486 0.612149 0.576694 0.554868 0.527904 0.604578 0.618816 0.612034 0.610343 0.639651 0.579734 0.597717 0.619369 0.517034 0.597567 0.589804 0.555563 0.581562 0.629677 0.618174 0.531659 0.618430 0.599938 0.548989 0.579353 0.577500 0.608555 0.562982 0.650986 0.637880 0.570091 0.577266 0.612949 0.646240 0.651219 0.616608 0.609505 0.568918 0.608394 0.622706 0.615288 0.586830 0.590000 0.585422 0.664611 0.606586 0.604890 0.560461 0.609297 0.568501 0.614025 0.580143 0.569754
0.530135 0.639999 0.681332 0.549347 0.699886 0.683830 0.689032 0.633360 0.681848 0.551223 0.555566 0.651858 0.686278 0.624590 0.680936 0.651247 0.627233 0.614394 0.627248 0.692352 0.680794 0.683852 0.713227 0.518103 0.542520 0.692905 0.597900 0.671609 0.545920 0.629253 0.659087 0.703177 0.691709 0.618430 0.512221 0.542275 0.603826 0.653647 0.639452 0.630049 0.634985 0.724555 0.711430 0.656684 0.648036 0.686485 0.719749 0.724789 0.688158 0.545564 0.643431 0.677307 0.696241 0.688820 0.661350 0.560319 0.551053 0.738111 0.675425 0.678703 0.587659 0.682865 0.643027 0.687561 0.565310 0.642978
0.524420 0.621698 0.663299 0.533067 0.681628 0.665573 0.670763 0.614881 0.663591 0.533397 0.535109 0.633558 0.668021 0.606091 0.662903 0.632945 0.608893 0.595905 0.608917 0.674095 0.662763 0.665596 0.694969 0.510705 0.527786 0.674648 0.579495 0.653329 0.525306 0.610950 0.640730 0.684922 0.673453 0.599938 0.542275 0.511868 0.584996 0.635334 0.621255 0.615011 0.616680 0.706296 0.693172 0.638191 0.629792 0.668228 0.701494 0.706530 0.669991 0.538489 0.625131 0.659267 0.677984 0.670563 0.643050 0.540125 0.530707 0.719856 0.657389 0.660434 0.568505 0.664606 0.624726 0.669304 0.545407 0.624651
0.586075 0.577175 0.621729 0.586349 0.637065 0.621018 0.626043 0.564543 0.619036 0.585063 0.579403 0.588407 0.623477 0.554912 0.621341 0.587777 0.564386 0.545026 0.596878 0.629548 0.621220 0.621066 0.650397 0.566118 0.582685 0.630101 0.531276 0.608472 0.574468 0.566123 0.594108 0.640397 0.628906 0.548989 0.603826 0.584996 0.506077 0.590215 0.582402 0.606708 0.572515 0.661729 0.648617 0.587189 0.586422 0.623681 0.656963 0.661963 0.626667 0.595615 0.579988 0.617630 0.633438 0.626019 0.597901 0.574374 0.569813 0.675331 0.615791 0.615717 0.541170 0.620040 0.579576 0.624757 0.564767 0.579874
0.635922 0.576109 0.623512 0.636951 0.631487 0.615462 0.620067 0.593694 0.613478 0.635792 0.630477 0.581220 0.617946 0.586418 0.623151 0.580473 0.580474 0.574753 0.637879 0.624012 0.623035 0.615573 0.644799 0.614427 0.633160 0.624565 0.542366 0.602112 0.625408 0.559170 0.593651 0.634918 0.623370 0.579353 0.653647 0.635334 0.590215 0.563841 0.605042 0.636318 0.581148 0.656141 0.643059 0.617611 0.595201 0.618145 0.651470 0.656374 0.624248 0.644344 0.572823 0.619161 0.627904 0.620490 0.590721 0.625775 0.621168 0.669851 0.617545 0.609747 0.597675 0.614453 0.572400 0.619221 0.615947 0.589284
0.621733 0.590353 0.634926 0.622933 0.652063 0.636011 0.641156 0.591561 0.634028 0.621804 0.616560 0.603845 0.638462 0.584067 0.634531 0.603223 0.576507 0.573371 0.618885 0.644535 0.634413 0.636040 0.665402 0.599897 0.619113 0.645088 0.553476 0.623682 0.611468 0.580323 0.612556 0.655368 0.643892 0.577500 0.639452 0.621255 0.582402 0.605042 0.541506 0.619412 0.584278 0.676731 0.663610 0.615820 0.597539 0.638668 0.671938 0.676965 0.640799 0.629901 0.595421 0.630887 0.648424 0.641004 0.613335 0.611916 0.607327 0.690302 0.628989 0.630827 0.585525 0.635041 0.595016 0.639744 0.602006 0.593102
0.612485 0.622254 0.650451 0.618268 0.679838 0.663754 0.669536 0.622977 0.661772 0.617900 0.614945 0.633841 0.666165 0.615014 0.650030 0.633301 0.611418 0.604412 0.629384 0.672246 0.649796 0.663688 0.693209 0.581214 0.613685 0.672800 0.584391 0.652593 0.608828 0.611475 0.643534 0.682995 0.671605 0.608555 0.630049 0.615011 0.606708 0.636318 0.619412 0.436768 0.617545 0.704521 0.691355 0.646844 0.627672 0.666379 0.699587 0.704756 0.663740 0.613844 0.625389 0.646620 0.676132 0.668705 0.643329 0.612894 0.607167 0.717930 0.644674 0.659196 0.602873 0.662830 0.625007 0.667455 0.607151 0.626470
0.617261 0.564978 0.612495 0.618302 0.628820 0.612769 0.617893 0.576885 0.610786 0.617145 0.611835 0.580544 0.615221 0.569884 0.612103 0.579914 0.559009 0.558701 0.618623 0.621294 0.612000 0.612802 0.642157 0.595741 0.614509 0.621847 0.534582 0.600400 0.606764 0.555937 0.591193 0.632130 0.620652 0.562982 0.634985 0.616680 0.572515 0.581148 0.584278 0.617545 0.555339 0.653487 0.640368 0.601292 0.574507 0.615427 0.648699 0.653721 0.617741 0.625666 0.572121 0.608430 0.625183 0.617763 0.590031 0.607135 0.602532 0.667064 0.606534 0.607564 0.579178 0.611797 0.571717 0.616503 0.597272 0.570185
0.706832 0.649771 0.670614 0.707941 0.528382 0.505444 0.563169 0.665372 0.503148 0.706796 0.701520 0.609596 0.516164 0.658053 0.670432 0.612404 0.652569 0.646304 0.709087 0.519247 0.670158 0.515248 0.506678 0.685175 0.704137 0.519640 0.610563 0.577307 0.696433 0.632072 0.663246 0.535013 0.518458 0.650986 0.724555 0.706296 0.661729 0.656141 0.676731 0.704521 0.653487 0.491381 0.532747 0.689230 0.665986 0.513454 0.551125 0.499750 0.613935 0.715137 0.599858 0.663850 0.527132 0.520956 0.619158 0.696862 0.692236 0.569918 0.664891 0.552053 0.669059 0.491221 0.600563 0.514493 0.687104 0.662296
0.693708 0.636660 0.657148 0.694818 0.514214 0.462730 0.550951 0.652265 0.459671 0.693672 0.688397 0.596722 0.499573 0.644947 0.656969 0.599514 0.639452 0.633199 0.695964 0.504718 0.656693 0.498603 0.522344 0.672048 0.691013 0.505248 0.597494 0.564683 0.683310 0.618976 0.650183 0.518377 0.504050 0.637880 0.711430 0.693172 0.648617 0.643059 0.663610 0.691355 0.640368 0.532747 0.486116 0.676124 0.652848 0.498862 0.534478 0.532975 0.599487 0.702010 0.586990 0.650347 0.510166 0.504087 0.606283 0.683740 0.679114 0.553281 0.651429 0.539930 0.655942 0.490520 0.587690 0.499932 0.673983 0.649181
0.638950 0.605342 0.650813 0.639717 0.664568 0.648526 0.653456 0.586453 0.646543 0.638514 0.633076 0.615568 0.650990 0.577898 0.650428 0.614929 0.593201 0.565766 0.642861 0.657060 0.650313 0.648588 0.677896 0.617991 0.635970 0.657614 0.555086 0.635807 0.628057 0.593828 0.619733 0.667922 0.656418 0.570091 0.656684 0.638191 0.587189 0.617611 0.615820 0.646844 0.601292 0.689230 0.676124 0.606027 0.615574 0.651193 0.684485 0.689463 0.654869 0.647762 0.607153 0.646672 0.660951 0.653533 0.625065 0.628252 0.623673 0.702856 0.644865 0.643132 0.598709 0.647541 0.606736 0.652269 0.618397 0.608073
0.630315 0.579623 0.619704 0.631445 0.641312 0.625248 0.630630 0.591212 0.623266 0.630303 0.625037 0.593958 0.627684 0.584147 0.619273 0.593363 0.573821 0.572976 0.631867 0.633761 0.619176 0.625242 0.654663 0.608613 0.627637 0.634314 0.548613 0.613356 0.619946 0.569763 0.605127 0.644563 0.633118 0.577266 0.648036 0.629792 0.586422 0.595201 0.597539 0.627672 0.574507 0.665986 0.652848 0.615574 0.532203 0.627893 0.661140 0.666221 0.628247 0.638588 0.585523 0.615956 0.637648 0.630226 0.603444 0.620385 0.615763 0.679497 0.613779 0.620297 0.592785 0.624295 0.585129 0.628970 0.610593 0.586227
0.668762 0.611725 0.631957 0.669874 0.492139 0.471059 0.526560 0.627333 0.469095 0.668728 0.663454 0.571956 0.468648 0.620015 0.631779 0.574737 0.614512 0.608269 0.671021 0.462849 0.631501 0.468440 0.504306 0.647101 0.666069 0.463653 0.572588 0.540100 0.658366 0.594052 0.625282 0.488239 0.463359 0.612949 0.686485 0.668228 0.623681 0.618145 0.638668 0.666379 0.615427 0.513454 0.498862 0.651193 0.627893 0.456828 0.504325 0.513851 0.573536 0.677063 0.562229 0.625127 0.481868 0.476960 0.581517 0.658797 0.654170 0.523141 0.626241 0.515563 0.631003 0.473926 0.562926 0.457983 0.649040 0.624243
0.702027 0.645009 0.664746 0.703140 0.526756 0.506689 0.560769 0.660623 0.504765 0.701995 0.696721 0.605559 0.502187 0.653306 0.664572 0.608319 0.647787 0.641562 0.704289 0.510207 0.664290 0.469380 0.541289 0.680362 0.699335 0.510793 0.605928 0.574054 0.691633 0.627358 0.658632 0.489245 0.509597 0.646240 0.719749 0.701494 0.656963 0.651470 0.671938 0.699587 0.648699 0.551125 0.534478 0.684485 0.661140 0.504325 0.499157 0.551455 0.604724 0.710326 0.595841 0.657863 0.515908 0.510864 0.615119 0.692065 0.687439 0.524156 0.659036 0.549785 0.664278 0.509927 0.596530 0.505409 0.682310 0.657521
0.707067 0.650005 0.670855 0.708175 0.528613 0.505679 0.563386 0.665605 0.503381 0.707030 0.701754 0.609825 0.516500 0.658287 0.670673 0.612634 0.652803 0.646538 0.709321 0.519646 0.670399 0.515578 0.506525 0.685409 0.704371 0.520043 0.610796 0.577531 0.696667 0.632306 0.663479 0.535342 0.518859 0.651219 0.724789 0.706530 0.661963 0.656374 0.676965 0.704756 0.653721 0.499750 0.532975 0.689463 0.666221 0.513851 0.551455 0.492290 0.614196 0.715371 0.600086 0.664092 0.527447 0.521257 0.619387 0.697096 0.692470 0.570247 0.665132 0.552269 0.669293 0.491252 0.600792 0.514891 0.687338 0.662530
0.670441 0.614891 0.599085 0.671681 0.588854 0.571836 0.594976 0.630887 0.569877 0.670557 0.665346 0.598191 0.573096 0.623617 0.599164 0.599420 0.617012 0.612039 0.672948 0.579407 0.598634 0.568788 0.603060 0.648515 0.667855 0.579969 0.579746 0.591534 0.660231 0.598799 0.633165 0.587443 0.578774 0.616608 0.688158 0.669991 0.626667 0.624248 0.640799 0.663740 0.617741 0.613935 0.599487 0.654869 0.628247 0.573536 0.604724 0.614196 0.409275 0.678550 0.589110 0.588379 0.583221 0.575625 0.607679 0.660759 0.656105 0.622421 0.593778 0.584354 0.633488 0.572208 0.589266 0.574614 0.651102 0.626983
0.528290 0.630673 0.671440 0.545705 0.690467 0.674411 0.679638 0.624407 0.672428 0.547302 0.550501 0.642528 0.676856 0.615681 0.671043 0.641920 0.617985 0.605465 0.617972 0.682930 0.670897 0.674428 0.703810 0.485999 0.539157 0.683484 0.588793 0.662235 0.541501 0.619929 0.649876 0.693753 0.682288 0.609505 0.545564 0.538489 0.595615 0.644344 0.629901 0.613844 0.625666 0.715137 0.702010 0.647762 0.638588 0.677063 0.710326 0.715371 0.678550 0.512166 0.634100 0.667428 0.686819 0.679398 0.652020 0.554986 0.546045 0.728687 0.665538 0.669308 0.580137 0.673446 0.633697 0.678139 0.559377 0.633705
0.625707 0.568015 0.605448 0.626756 0.575284 0.559400 0.561082 0.583358 0.557413 0.625600 0.620295 0.515128 0.562066 0.576014 0.605149 0.518798 0.571096 0.564182 0.627854 0.568095 0.604981 0.559949 0.588441 0.604172 0.622962 0.568647 0.526829 0.540425 0.615221 0.549527 0.578971 0.579387 0.567451 0.568918 0.643431 0.625131 0.579988 0.572823 0.595421 0.625389 0.572121 0.599858 0.586990 0.607153 0.585523 0.562229 0.595841 0.600086 0.589110 0.634100 0.502039 0.600319 0.572003 0.564619 0.524828 0.615605 0.610992 0.614313 0.599556 0.550810 0.587559 0.558182 0.506183 0.563305 0.605801 0.580716
0.659595 0.606986 0.532206 0.661023 0.639047 0.622734 0.633111 0.622576 0.620758 0.659931 0.654814 0.608965 0.624857 0.615339 0.532671 0.608994 0.607730 0.603935 0.662532 0.630995 0.531433 0.621957 0.652650 0.637290 0.657165 0.631551 0.574948 0.619989 0.649657 0.592830 0.629275 0.641120 0.630355 0.608394 0.677307 0.659267 0.617630 0.619161 0.630887 0.646620 0.608430 0.663850 0.650347 0.646672 0.615956 0.625127 0.657863 0.664092 0.588379 0.667428 0.600319 0.502374 0.634859 0.627387 0.618435 0.650329 0.645633 0.676064 0.528077 0.622692 0.623808 0.622140 0.600106 0.626204 0.640822 0.618154
0.678519 0.621482 0.641691 0.679630 0.502014 0.482397 0.536392 0.637090 0.480487 0.678484 0.673210 0.581729 0.481186 0.629773 0.641513 0.584509 0.624269 0.618027 0.680777 0.487747 0.641235 0.480036 0.517162 0.656856 0.675825 0.488328 0.582348 0.549890 0.668122 0.603810 0.635043 0.499820 0.487131 0.622706 0.696241 0.677984 0.633438 0.627904 0.648424 0.676132 0.625183 0.527132 0.510166 0.660951 0.637648 0.481868 0.515908 0.527447 0.583221 0.686819 0.572003 0.634859 0.490161 0.485973 0.591290 0.668553 0.663926 0.534724 0.635975 0.525405 0.640759 0.485577 0.572699 0.482950 0.658796 0.634000
0.671098 0.614063 0.634222 0.672209 0.494988 0.476358 0.529079 0.629672 0.474444 0.671064 0.665789 0.574344 0.476376 0.622355 0.634045 0.577122 0.616849 0.610609 0.673356 0.482838 0.633767 0.474994 0.510828 0.649435 0.668404 0.483414 0.574935 0.542541 0.660701 0.596393 0.627631 0.494761 0.482217 0.615288 0.688820 0.670563 0.626019 0.620490 0.641004 0.668705 0.617763 0.520956 0.504087 0.653533 0.630226 0.476960 0.510864 0.521257 0.575625 0.679398 0.564619 0.627387 0.485973 0.472987 0.583905 0.661132 0.656506 0.529666 0.628507 0.518096 0.633339 0.479051 0.565314 0.478042 0.651376 0.626580
0.643626 0.585919 0.623545 0.644674 0.594581 0.578693 0.580480 0.601270 0.576706 0.643518 0.638213 0.533066 0.581352 0.593926 0.623244 0.536724 0.589008 0.582093 0.645771 0.587383 0.623078 0.579227 0.607745 0.622092 0.640880 0.587935 0.544745 0.559910 0.633139 0.567421 0.596872 0.598661 0.586739 0.586830 0.661350 0.643050 0.597901 0.590721 0.613335 0.643329 0.590031 0.619158 0.606283 0.625065 0.603444 0.581517 0.615119 0.619387 0.607679 0.652020 0.524828 0.618435 0.591290 0.583905 0.537445 0.633522 0.628909 0.633588 0.617651 0.570206 0.605474 0.577482 0.524304 0.582592 0.623718 0.598626
0.542499 0.612163 0.654373 0.540795 0.672194 0.656141 0.661304 0.604970 0.654158 0.539181 0.532385 0.624030 0.658590 0.596138 0.653978 0.623414 0.599271 0.585972 0.598123 0.664664 0.653842 0.656167 0.685533 0.526559 0.537460 0.665217 0.569741 0.643848 0.528009 0.601414 0.631080 0.675494 0.664021 0.590000 0.560319 0.540125 0.574374 0.625775 0.611916 0.612894 0.607135 0.696862 0.683740 0.628252 0.620385 0.658797 0.692065 0.697096 0.660759 0.554986 0.615605 0.650329 0.668553 0.661132 0.633522 0.511439 0.522112 0.710429 0.648458 0.650975 0.557194 0.655172 0.615199 0.659873 0.532271 0.615059
0.533227 0.607555 0.649675 0.531304 0.667568 0.651514 0.656681 0.600391 0.649532 0.529657 0.522861 0.619417 0.653964 0.591561 0.649280 0.618802 0.594679 0.581394 0.594801 0.660037 0.649143 0.651541 0.680908 0.517737 0.528001 0.660591 0.565149 0.639228 0.518404 0.596805 0.626479 0.670868 0.659395 0.585422 0.551053 0.530707 0.569813 0.621168 0.607327 0.607167 0.602532 0.692236 0.679114 0.623673 0.615763 0.654170 0.687439 0.692470 0.656105 0.546045 0.610992 0.645633 0.663926 0.656506 0.628909 0.522112 0.512132 0.705802 0.643761 0.646353 0.552676 0.650546 0.610586 0.655246 0.528066 0.610460
0.720389 0.663377 0.682964 0.721503 0.545546 0.525492 0.579434 0.678993 0.523569 0.720358 0.715084 0.624029 0.521010 0.671676 0.682791 0.626781 0.666153 0.659933 0.722652 0.529023 0.682508 0.480032 0.560078 0.698723 0.717698 0.529609 0.624315 0.592637 0.709996 0.645733 0.677020 0.429232 0.528413 0.664611 0.738111 0.719856 0.675331 0.669851 0.690302 0.717930 0.667064 0.569918 0.553281 0.702856 0.679497 0.523141 0.524156 0.570247 0.622421 0.728687 0.614313 0.676064 0.534724 0.529666 0.633588 0.710429 0.705802 0.389757 0.677256 0.568451 0.682644 0.528718 0.615000 0.524225 0.700674 0.675888
0.657714 0.605211 0.524846 0.659147 0.640103 0.623818 0.633614 0.620761 0.621841 0.658056 0.652940 0.608180 0.625978 0.613529 0.524801 0.608153 0.605844 0.602133 0.660666 0.632109 0.524746 0.623131 0.653678 0.635400 0.655289 0.632665 0.573349 0.620042 0.647782 0.591210 0.627736 0.642312 0.631469 0.606586 0.675425 0.657389 0.615791 0.617545 0.628989 0.644674 0.606534 0.664891 0.651429 0.644865 0.613779 0.626241 0.659036 0.665132 0.593778 0.665538 0.599556 0.528077 0.635975 0.628507 0.617651 0.648458 0.643761 0.677256 0.514111 0.623205 0.621952 0.623185 0.599325 0.627318 0.638954 0.616312
0.660980 0.603747 0.628977 0.662073 0.528022 0.512361 0.500894 0.619290 0.510362 0.660925 0.655642 0.560634 0.515499 0.611965 0.628763 0.563640 0.606621 0.600194 0.663206 0.521427 0.628519 0.513904 0.540337 0.639355 0.658272 0.521975 0.564014 0.525420 0.650558 0.585853 0.616619 0.533537 0.520779 0.604890 0.678703 0.660434 0.615717 0.609747 0.630827 0.659196 0.607564 0.552053 0.539930 0.643132 0.620297 0.515563 0.549785 0.552269 0.584354 0.669308 0.550810 0.622692 0.525405 0.518096 0.570206 0.650975 0.646353 0.568451 0.623205 0.478911 0.623109 0.510537 0.551575 0.516638 0.641205 0.616321
0.569892 0.584180 0.627881 0.569690 0.644393 0.628343 0.633436 0.575550 0.626360 0.568324 0.562446 0.595981 0.630797 0.566496 0.627489 0.595358 0.571110 0.556455 0.587148 0.636870 0.627363 0.628380 0.657729 0.550896 0.566106 0.637423 0.540887 0.615922 0.557596 0.573392 0.602622 0.647710 0.636227 0.560461 0.587659 0.568505 0.541170 0.597675 0.585525 0.602873 0.579178 0.669059 0.655942 0.598709 0.592785 0.631003 0.664278 0.669293 0.633488 0.580137 0.587559 0.623808 0.640759 0.633339 0.605474 0.557194 0.552676 0.682644 0.621952 0.623109 0.505506 0.627370 0.587151 0.632079 0.546674 0.586930
0.665142 0.608082 0.628908 0.666251 0.483181 0.463470 0.521607 0.623683 0.461199 0.665106 0.659830 0.567920 0.475117 0.616364 0.628726 0.570728 0.610879 0.604615 0.667397 0.479760 0.628452 0.474051 0.478742 0.643485 0.662447 0.480242 0.568876 0.535642 0.654743 0.590383 0.621559 0.493812 0.479049 0.609297 0.682865 0.664606 0.620040 0.614453 0.635041 0.662830 0.611797 0.491221 0.490520 0.647541 0.624295 0.473926 0.509927 0.491252 0.572208 0.673446 0.558182 0.622140 0.485577 0.479051 0.577482 0.655172 0.650546 0.528718 0.623185 0.510537 0.627370 0.430453 0.558888 0.474985 0.645414 0.620606
0.625302 0.567609 0.605218 0.626351 0.575988 0.560100 0.561841 0.582942 0.558113 0.625195 0.619889 0.514599 0.562761 0.575598 0.604918 0.518278 0.570689 0.563763 0.627449 0.568792 0.604752 0.560638 0.589149 0.603769 0.622557 0.569344 0.526363 0.541355 0.614815 0.549113 0.578531 0.580073 0.568148 0.568501 0.643027 0.624726 0.579576 0.572400 0.595016 0.625007 0.571717 0.600563 0.587690 0.606736 0.585129 0.562926 0.596530 0.600792 0.589266 0.633697 0.506183 0.600106 0.572699 0.565314 0.524304 0.615199 0.610586 0.615000 0.599325 0.551575 0.587151 0.558888 0.501112 0.564001 0.605395 0.580310
0.669839 0.612801 0.633034 0.670950 0.493214 0.472130 0.527635 0.628409 0.470165 0.669804 0.664530 0.573032 0.469733 0.621091 0.632856 0.575813 0.615588 0.609345 0.672097 0.462851 0.632578 0.469524 0.505354 0.648177 0.667145 0.464315 0.573664 0.541176 0.659442 0.595128 0.626358 0.489322 0.464399 0.614025 0.687561 0.669304 0.624757 0.619221 0.639744 0.667455 0.616503 0.514493 0.499932 0.652269 0.628970 0.457983 0.505409 0.514891 0.574614 0.678139 0.563305 0.626204 0.482950 0.478042 0.582592 0.659873 0.655246 0.524225 0.627318 0.516638 0.632079 0.474985 0.564001 0.456180 0.650116 0.625319
0.547505 0.602324 0.644873 0.546205 0.662436 0.646383 0.651533 0.595106 0.644401 0.544654 0.538278 0.614226 0.648834 0.586271 0.644478 0.613609 0.589363 0.576117 0.588811 0.654907 0.644344 0.646412 0.675775 0.530723 0.542807 0.655461 0.559902 0.634066 0.533618 0.591589 0.621249 0.665740 0.654265 0.580143 0.565310 0.545407 0.564767 0.615947 0.602006 0.607151 0.597272 0.687104 0.673983 0.618397 0.610593 0.649040 0.682310 0.687338 0.651102 0.559377 0.605801 0.640822 0.658796 0.651376 0.623718 0.532271 0.528066 0.700674 0.638954 0.641205 0.546674 0.645414 0.605395 0.650116 0.505319 0.605188
0.625253 0.573819 0.622272 0.626262 0.637631 0.621582 0.626649 0.583591 0.619599 0.625100 0.619775 0.589137 0.624038 0.576715 0.621885 0.588499 0.566804 0.565504 0.626794 0.630110 0.621778 0.621624 0.650965 0.603797 0.622475 0.630663 0.542217 0.609106 0.614710 0.564769 0.599262 0.640954 0.629468 0.569754 0.642978 0.624651 0.579874 0.589284 0.593102 0.626470 0.570185 0.662296 0.649181 0.608073 0.586227 0.624243 0.657521 0.662530 0.626983 0.633705 0.580716 0.618154 0.634000 0.626580 0.598626 0.615059 0.610460 0.675888 0.616312 0.616321 0.586930 0.620606 0.580310 0.625319 0.605188 0.556846
