0.514182 0.624320 0.669389 0.529690 0.684931 0.667835 0.683013 0.624705 0.702078 0.537246 0.541366 0.637044 0.676009 0.618157 0.685666 0.635791 0.609313 0.596194 0.598098 0.681951 0.641420 0.665044 0.752654 0.512257 0.544308 0.669496 0.544758 0.641938 0.519366 0.607523 0.644596 0.634289 0.681054 0.599738 0.543167 0.501473 0.558096 0.670015 0.638008 0.601430 0.642288 0.737931 0.684034 0.623764 0.649280 0.686686 0.699008 0.705267 0.640974 0.538809 0.561680 0.636055 0.714807 0.665224 0.673736 0.542213 0.546925 0.722340 0.650115 0.669363 0.576632 0.705485 0.629062 0.694267 0.536301 0.626233
0.624320 0.549182 0.613931 0.623728 0.618639 0.603579 0.603079 0.582515 0.628801 0.630508 0.604284 0.572483 0.604532 0.575241 0.621018 0.571002 0.551790 0.539594 0.599107 0.609014 0.597328 0.599076 0.665008 0.613425 0.633839 0.604253 0.524763 0.579267 0.641839 0.547191 0.579050 0.597169 0.611294 0.565838 0.637093 0.596962 0.570358 0.614931 0.593266 0.611213 0.565783 0.665011 0.617010 0.625365 0.568983 0.607620 0.636716 0.629757 0.586993 0.656742 0.522840 0.587841 0.635774 0.605161 0.612137 0.615028 0.614188 0.657714 0.606236 0.580204 0.579081 0.623725 0.547699 0.620074 0.607017 0.575074
0.669389 0.613931 0.540993 0.669596 0.656055 0.644065 0.649473 0.633496 0.668393 0.676170 0.647761 0.620508 0.629610 0.626874 0.525560 0.618851 0.604211 0.598797 0.657261 0.644936 0.522678 0.640777 0.702835 0.650655 0.676712 0.633795 0.555127 0.621554 0.682487 0.601354 0.630257 0.636880 0.643707 0.607956 0.677219 0.639838 0.609878 0.646605 0.654234 0.653173 0.628636 0.704308 0.663559 0.674697 0.623833 0.639386 0.673292 0.668675 0.608014 0.697569 0.566112 0.544423 0.663842 0.647152 0.667275 0.656779 0.648112 0.696737 0.514082 0.635518 0.621302 0.671598 0.598034 0.648169 0.641890 0.621875
0.529690 0.623728 0.669596 0.506916 0.683259 0.667117 0.682169 0.620783 0.701742 0.521154 0.530974 0.633525 0.679258 0.616466 0.683326 0.635036 0.607579 0.592793 0.600571 0.680669 0.639395 0.663154 0.749356 0.536745 0.537452 0.669849 0.543516 0.641728 0.545464 0.602448 0.645550 0.633192 0.682158 0.600453 0.534608 0.521542 0.564828 0.664833 0.633436 0.593126 0.638220 0.737195 0.682385 0.627093 0.649829 0.690383 0.700003 0.702089 0.648640 0.570212 0.557313 0.633906 0.712773 0.666611 0.672954 0.536593 0.546007 0.718837 0.647282 0.668458 0.568377 0.706022 0.619537 0.694837 0.538673 0.616013
0.684931 0.618639 0.656055 0.683259 0.486471 0.492184 0.539276 0.656042 0.493744 0.690963 0.662345 0.581295 0.486457 0.649921 0.657820 0.579979 0.627214 0.620068 0.653300 0.499043 0.649535 0.492578 0.523478 0.687397 0.701050 0.500638 0.584508 0.549850 0.703719 0.607574 0.643385 0.512920 0.496496 0.636368 0.696128 0.657208 0.660164 0.670912 0.679677 0.673828 0.657936 0.523031 0.504489 0.705902 0.660939 0.485070 0.528276 0.528296 0.574916 0.716053 0.568805 0.622697 0.510914 0.488327 0.641073 0.667613 0.680379 0.527094 0.633482 0.515826 0.633431 0.476778 0.591389 0.488162 0.669277 0.634194
0.667835 0.603579 0.644065 0.667117 0.492184 0.428007 0.524680 0.643091 0.413680 0.676252 0.644089 0.569833 0.473369 0.638875 0.648565 0.568812 0.611040 0.608167 0.639844 0.479637 0.635221 0.460588 0.499114 0.669755 0.683857 0.480266 0.574802 0.527315 0.689173 0.590091 0.631176 0.476761 0.481766 0.623280 0.674608 0.638840 0.631113 0.662626 0.671019 0.667358 0.640975 0.492123 0.466464 0.689173 0.644814 0.463460 0.513784 0.517984 0.562327 0.699043 0.549775 0.608508 0.489424 0.479410 0.612733 0.664761 0.659275 0.489718 0.621956 0.491289 0.622090 0.448758 0.575402 0.481496 0.662965 0.620681
0.683013 0.603079 0.649473 0.682169 0.539276 0.524680 0.500898 0.644450 0.533842 0.687475 0.662082 0.574119 0.525712 0.637665 0.652969 0.568082 0.616637 0.605522 0.638412 0.535820 0.635526 0.525691 0.558147 0.683486 0.700029 0.531090 0.579177 0.538730 0.699659 0.597131 0.630464 0.533192 0.531992 0.625920 0.694536 0.651620 0.637519 0.661689 0.665559 0.675139 0.644080 0.554022 0.536644 0.689319 0.645644 0.522380 0.566805 0.556458 0.582120 0.716371 0.554194 0.620772 0.540157 0.525231 0.612124 0.665142 0.678068 0.561391 0.633795 0.495656 0.628945 0.527855 0.564679 0.520393 0.669798 0.626306
0.624705 0.582515 0.633496 0.620783 0.656042 0.643091 0.644450 0.564050 0.670225 0.627999 0.602072 0.599025 0.640135 0.556514 0.639560 0.601196 0.559421 0.535633 0.614462 0.646482 0.612867 0.634536 0.706252 0.613177 0.635173 0.636199 0.520039 0.614254 0.641800 0.565250 0.597678 0.624753 0.644900 0.543903 0.635919 0.596746 0.561921 0.608802 0.578543 0.614912 0.584483 0.704655 0.652903 0.614276 0.589433 0.650546 0.673141 0.669026 0.616523 0.657669 0.538954 0.601118 0.674636 0.638417 0.639897 0.612182 0.615561 0.688032 0.611711 0.623826 0.573384 0.667643 0.575220 0.653330 0.596147 0.576206
0.702078 0.628801 0.668393 0.701742 0.493744 0.413680 0.533842 0.670225 0.437167 0.706196 0.676100 0.593336 0.476368 0.664795 0.670829 0.584882 0.637199 0.632071 0.668022 0.477164 0.661455 0.455280 0.517298 0.704603 0.723656 0.477837 0.598559 0.539978 0.726015 0.615577 0.657429 0.480859 0.476854 0.652193 0.713064 0.670840 0.664849 0.689027 0.693921 0.686326 0.663000 0.512308 0.463498 0.710812 0.674937 0.455492 0.507141 0.539326 0.574291 0.732235 0.574663 0.633759 0.490489 0.477962 0.625205 0.690367 0.702074 0.477309 0.646789 0.509442 0.659311 0.448466 0.608609 0.465024 0.694643 0.640194
0.537246 0.630508 0.676170 0.521154 0.690963 0.676252 0.687475 0.627999 0.706196 0.526211 0.540000 0.642407 0.687461 0.623483 0.695778 0.642959 0.614759 0.602363 0.613578 0.685898 0.645954 0.674141 0.754184 0.537848 0.539838 0.675924 0.546627 0.651473 0.552781 0.608625 0.653923 0.644762 0.686152 0.607642 0.541300 0.526542 0.575100 0.670211 0.636468 0.605616 0.644386 0.741944 0.693887 0.629466 0.658836 0.692309 0.709670 0.708812 0.656091 0.567971 0.558091 0.649088 0.715415 0.671043 0.682341 0.540272 0.545793 0.730969 0.661879 0.671283 0.574682 0.707959 0.631744 0.705548 0.546481 0.626425
0.541366 0.604284 0.647761 0.530974 0.662345 0.644089 0.662082 0.602072 0.676100 0.540000 0.513011 0.611805 0.653369 0.594477 0.652066 0.615008 0.585353 0.567894 0.582923 0.655935 0.616856 0.640374 0.722038 0.539185 0.543747 0.646370 0.531009 0.621405 0.555814 0.587090 0.621549 0.613982 0.657251 0.580710 0.550811 0.522309 0.533860 0.651131 0.611118 0.582513 0.617425 0.714560 0.657952 0.614376 0.616129 0.659692 0.675570 0.680475 0.633599 0.568545 0.544895 0.610908 0.688453 0.642597 0.642603 0.542264 0.539637 0.690366 0.623741 0.644386 0.552131 0.680177 0.592633 0.671957 0.535158 0.597807
0.637044 0.572483 0.620508 0.633525 0.581295 0.569833 0.574119 0.599025 0.593336 0.642407 0.611805 0.530356 0.567986 0.592042 0.630560 0.523011 0.574190 0.568927 0.597680 0.579607 0.603594 0.573516 0.640126 0.629716 0.646244 0.580054 0.525187 0.555308 0.646654 0.561595 0.584133 0.565081 0.576052 0.578167 0.647641 0.607518 0.596125 0.616248 0.623327 0.617930 0.594450 0.636208 0.580566 0.638119 0.610708 0.579326 0.606977 0.603892 0.584098 0.668732 0.517513 0.587468 0.601793 0.570178 0.529302 0.621891 0.619170 0.612506 0.610037 0.539934 0.585238 0.599143 0.496226 0.578967 0.622131 0.583980
0.676009 0.604532 0.629610 0.679258 0.486457 0.473369 0.525712 0.640135 0.476368 0.687461 0.653369 0.567986 0.454663 0.631440 0.640632 0.563778 0.605850 0.610895 0.646239 0.481207 0.620287 0.469532 0.518947 0.673594 0.690639 0.484501 0.573823 0.520458 0.704362 0.589578 0.628952 0.489110 0.470678 0.620320 0.685860 0.647649 0.646136 0.656824 0.662139 0.671942 0.641321 0.521363 0.495165 0.686755 0.651617 0.462913 0.505571 0.510778 0.559380 0.704772 0.552477 0.600183 0.475104 0.464519 0.628889 0.672793 0.678385 0.497537 0.614071 0.479031 0.628490 0.471551 0.573293 0.448620 0.654776 0.620570
0.618157 0.575241 0.626874 0.616466 0.649921 0.638875 0.637665 0.556514 0.664795 0.623483 0.594477 0.592042 0.631440 0.545370 0.632332 0.596806 0.554402 0.525027 0.604587 0.638692 0.606668 0.629326 0.699666 0.613634 0.634889 0.629970 0.515284 0.608012 0.638165 0.562323 0.593051 0.616049 0.637661 0.537442 0.630310 0.587695 0.554809 0.610882 0.572539 0.615705 0.578817 0.703952 0.648157 0.614498 0.585019 0.643305 0.665178 0.666788 0.605567 0.653986 0.532733 0.597355 0.669447 0.634613 0.625467 0.606188 0.607781 0.685876 0.611055 0.621223 0.562287 0.659868 0.578422 0.648545 0.591072 0.573811
0.685666 0.621018 0.525560 0.683326 0.657820 0.648565 0.652969 0.639560 0.670829 0.695778 0.652066 0.630560 0.640632 0.632332 0.534140 0.623446 0.611037 0.605880 0.649838 0.649853 0.542301 0.638312 0.698924 0.678427 0.695010 0.640748 0.576289 0.621615 0.709908 0.610533 0.636410 0.648737 0.650263 0.617268 0.700767 0.660799 0.621616 0.653894 0.656782 0.662655 0.642915 0.714744 0.665592 0.695006 0.638458 0.647252 0.669480 0.672303 0.600120 0.719196 0.568877 0.535739 0.669826 0.644955 0.656347 0.675091 0.658873 0.700961 0.502129 0.645727 0.620272 0.681361 0.615930 0.646233 0.669523 0.614624
0.635791 0.571002 0.618851 0.635036 0.579979 0.568812 0.568082 0.601196 0.584882 0.642959 0.615008 0.523011 0.563778 0.596806 0.623446 0.523766 0.575174 0.555919 0.599183 0.578528 0.599685 0.569087 0.632086 0.630857 0.646208 0.573823 0.530948 0.549057 0.653160 0.562929 0.581220 0.565591 0.578779 0.582427 0.646662 0.607204 0.600024 0.611383 0.627390 0.623315 0.598517 0.628774 0.584173 0.637604 0.607072 0.572656 0.608941 0.602269 0.587165 0.663501 0.517745 0.580634 0.602499 0.570453 0.569929 0.622891 0.626621 0.620927 0.602015 0.535692 0.574973 0.590682 0.508125 0.569145 0.628042 0.578584
0.609313 0.551790 0.604211 0.607579 0.627214 0.611040 0.616637 0.559421 0.637199 0.614759 0.585353 0.574190 0.605850 0.554402 0.611037 0.575174 0.539383 0.537184 0.593585 0.616666 0.583753 0.612948 0.671009 0.592175 0.616988 0.605723 0.514225 0.581790 0.619330 0.535160 0.576159 0.598007 0.617760 0.543703 0.617345 0.587752 0.551650 0.584741 0.560964 0.601544 0.559445 0.667033 0.623421 0.602516 0.550788 0.622690 0.641959 0.642986 0.595413 0.634520 0.513001 0.577139 0.654279 0.607894 0.614752 0.603799 0.599660 0.659028 0.588545 0.594343 0.557961 0.632796 0.545603 0.627577 0.571772 0.540523
0.596194 0.539594 0.598797 0.592793 0.620068 0.608167 0.605522 0.535633 0.632071 0.602363 0.567894 0.568927 0.610895 0.525027 0.605880 0.555919 0.537184     -nan 0.569656 0.615117 0.575871 0.604820 0.675420 0.609275 0.600894 0.611730 0.476770 0.578104 0.625214 0.539923 0.558357 0.584757 0.612482 0.516944 0.612176 0.561303 0.524341 0.534635 0.546458 0.590057 0.526335 0.662297 0.617203 0.585533 0.520818 0.613110 0.627437 0.657545 0.578646 0.643455 0.510443 0.574694 0.641548 0.607112 0.587694 0.597222 0.596357 0.654077 0.599911 0.583572 0.546319 0.621192 0.540568 0.616595 0.554645 0.534566
0.598098 0.599107 0.657261 0.600571 0.653300 0.639844 0.638412 0.614462 0.668022 0.613578 0.582923 0.597680 0.646239 0.604587 0.649838 0.599183 0.593585 0.569656     -nan 0.644636 0.632915 0.631976 0.700251 0.621617 0.620193 0.642966 0.531908 0.595758 0.640140 0.585144 0.617353 0.626832 0.636175 0.586754 0.611323 0.568504 0.593130 0.655292 0.622051 0.587198 0.605247 0.689091 0.644951 0.643778 0.625862 0.633225 0.674113 0.671385 0.609570 0.640547 0.571977 0.602600 0.672637 0.630645 0.638697 0.599744 0.603873 0.701150 0.630497 0.609904 0.580497 0.651239 0.590146 0.654516 0.599138 0.606084
0.681951 0.609014 0.644936 0.680669 0.499043 0.479637 0.535820 0.646482 0.477164 0.685898 0.655935 0.579607 0.481207 0.638692 0.649853 0.578528 0.616666 0.615117 0.644636 0.483007 0.639374 0.469726 0.505181 0.682293 0.699396 0.470382 0.575320 0.537226 0.699481 0.604541 0.637950 0.490102 0.472292 0.626535 0.693615 0.651761 0.646096 0.672802 0.665959 0.676839 0.644919 0.520100 0.501201 0.694866 0.647216 0.451532 0.516843 0.528120 0.575782 0.717854 0.562495 0.609553 0.498901 0.484913 0.634411 0.671027 0.676368 0.496647 0.630512 0.514110 0.623398 0.472610 0.587422 0.467167 0.671635 0.633356
0.641420 0.597328 0.522678 0.639395 0.649535 0.635221 0.635526 0.612867 0.661455 0.645954 0.616856 0.603594 0.620287 0.606668 0.542301 0.599685 0.583753 0.575871 0.632915 0.639374 0.537607 0.628698 0.707217 0.629869 0.645277 0.619638 0.548328 0.608819 0.649477 0.576585 0.605007 0.625737 0.647097 0.590267 0.652162 0.611100 0.598828 0.625396 0.622733 0.630568 0.616597 0.694886 0.649141 0.659481 0.619067 0.634862 0.669481 0.648714 0.572737 0.675826 0.543188 0.528577 0.669429 0.637646 0.650791 0.635078 0.639378 0.686176 0.479758 0.614490 0.584800 0.666123 0.581247 0.646611 0.612974 0.604393
0.665044 0.599076 0.640777 0.663154 0.492578 0.460588 0.525691 0.634536 0.455280 0.674141 0.640374 0.573516 0.469532 0.629326 0.638312 0.569087 0.612948 0.604820 0.631976 0.469726 0.628698 0.435074 0.502559 0.664763 0.677669 0.473106 0.574384 0.536763 0.689150 0.585053 0.628955 0.456385 0.489053 0.612763 0.674667 0.634862 0.637652 0.653422 0.659302 0.653722 0.644384 0.514630 0.488358 0.681712 0.634064 0.463881 0.476326 0.516438 0.565361 0.692450 0.556186 0.594291 0.478368 0.475401 0.624229 0.650195 0.656765 0.448755 0.616356 0.504864 0.621473 0.457379 0.584784 0.443507 0.658755 0.618694
0.752654 0.665008 0.702835 0.749356 0.523478 0.499114 0.558147 0.706252 0.517298 0.754184 0.722038 0.640126 0.518947 0.699666 0.698924 0.632086 0.671009 0.675420 0.700251 0.505181 0.707217 0.502559     -nan 0.756880 0.760486 0.512313 0.621052 0.568135 0.769497 0.657265 0.697788 0.531525 0.514141 0.693058 0.757149 0.721477 0.710669 0.721240 0.746192 0.755621 0.717291 0.476655 0.518113 0.753034 0.702973 0.494133 0.526842 0.518963 0.607937 0.783968 0.630857 0.668722 0.510116 0.507550 0.703292 0.728993 0.758485 0.524713 0.683970 0.524804 0.691113 0.434383 0.646222 0.477054 0.755469 0.688380
0.512257 0.613425 0.650655 0.536745 0.687397 0.669755 0.683486 0.613177 0.704603 0.537848 0.539185 0.629716 0.673594 0.613634 0.678427 0.630857 0.592175 0.609275 0.621617 0.682293 0.629869 0.664763 0.756880     -nan 0.546478 0.659355 0.543656 0.634895 0.369510 0.585479 0.636209 0.627553 0.685957 0.588151 0.559275 0.458897 0.546231 0.653053 0.631166 0.584781 0.636196 0.737980 0.694389 0.624031 0.645659 0.695173 0.711585 0.706924 0.641164 0.304321 0.553864 0.633423 0.713468 0.658149 0.688794 0.559892 0.551212 0.711099 0.638275 0.692401 0.573170 0.691825 0.620592 0.686822 0.538378 0.596040
0.544308 0.633839 0.676712 0.537452 0.701050 0.683857 0.700029 0.635173 0.723656 0.539838 0.543747 0.646244 0.690639 0.634889 0.695010 0.646208 0.616988 0.600894 0.620193 0.699396 0.645277 0.677669 0.760486 0.546478 0.508350 0.690462 0.566483 0.661692 0.555755 0.608549 0.661992 0.650536 0.692357 0.614189 0.548192 0.537724 0.587391 0.669844 0.650954 0.603529 0.659445 0.764488 0.700619 0.644421 0.647756 0.705244 0.712793 0.724109 0.653807 0.567211 0.576751 0.637033 0.725575 0.679748 0.692503 0.561109 0.566877 0.728197 0.661350 0.675324 0.576478 0.718589 0.626360 0.718827 0.539480 0.636189
0.669496 0.604253 0.633795 0.669849 0.500638 0.480266 0.531090 0.636199 0.477837 0.675924 0.646370 0.580054 0.484501 0.629970 0.640748 0.573823 0.605723 0.611730 0.642966 0.470382 0.619638 0.473106 0.512313 0.659355 0.690462 0.473508 0.568810 0.535347 0.686449 0.591572 0.625823 0.503517 0.473781 0.618270 0.677807 0.639679 0.626757 0.663086 0.668792 0.660047 0.645519 0.521247 0.501113 0.687614 0.640623 0.469988 0.520031 0.510911 0.565029 0.699674 0.551950 0.598385 0.496228 0.485830 0.623791 0.659851 0.664727 0.518020 0.610236 0.505511 0.612631 0.479307 0.583542 0.459062 0.656864 0.623027
0.544758 0.524763 0.555127 0.543516 0.584508 0.574802 0.579177 0.520039 0.598559 0.546627 0.531009 0.525187 0.573823 0.515284 0.576289 0.530948 0.514225 0.476770 0.531908 0.575320 0.548328 0.574384 0.621052 0.543656 0.566483 0.568810     -nan 0.556516 0.557126 0.503382 0.539222 0.532861 0.571715 0.492743 0.561317 0.516624 0.510949 0.560669 0.536632 0.570340 0.519987 0.630481 0.591763 0.561575 0.561848 0.585491 0.599135 0.604695 0.567879 0.583640 0.475687 0.546569 0.598367 0.572663 0.574344 0.529453 0.540742 0.606498 0.549313 0.541960 0.526419 0.605945 0.517481 0.570408 0.530898 0.519001
0.641938 0.579267 0.621554 0.641728 0.549850 0.527315 0.538730 0.614254 0.539978 0.651473 0.621405 0.555308 0.520458 0.608012 0.621615 0.549057 0.581790 0.578104 0.595758 0.537226 0.608819 0.536763 0.568135 0.634895 0.661692 0.535347 0.556516 0.545436 0.646492 0.567893 0.601855 0.531987 0.535019 0.598014 0.650023 0.615200 0.616451 0.639047 0.641195 0.646987 0.613318 0.585112 0.540693 0.650449 0.622327 0.527325 0.566032 0.579648 0.575964 0.669433 0.530744 0.591503 0.556443 0.545378 0.584100 0.637245 0.633741 0.572908 0.592798 0.507213 0.597372 0.544837 0.540678 0.539991 0.631362 0.590779
0.519366 0.641839 0.682487 0.545464 0.703719 0.689173 0.699659 0.641800 0.726015 0.552781 0.555814 0.646654 0.704362 0.638165 0.709908 0.653160 0.619330 0.625214 0.640140 0.699481 0.649477 0.689150 0.769497 0.369510 0.555755 0.686449 0.557126 0.646492     -nan 0.631511 0.663580 0.672114 0.697922 0.617191 0.557507 0.492224 0.577016 0.703845 0.653731 0.626885 0.649048 0.759310 0.716132 0.634780 0.684463 0.704548 0.731718 0.729874 0.655823 0.413090 0.564676 0.650912 0.741110 0.679113 0.704277 0.554474 0.572092 0.745217 0.679589 0.704411 0.622287 0.712816 0.643546 0.716981 0.545158 0.656440
0.607523 0.547191 0.601354 0.602448 0.607574 0.590091 0.597131 0.565250 0.615577 0.608625 0.587090 0.561595 0.589578 0.562323 0.610533 0.562929 0.535160 0.539923 0.585144 0.604541 0.576585 0.585053 0.657265 0.585479 0.608549 0.591572 0.503382 0.567893 0.631511 0.530049 0.568527 0.581148 0.603820 0.550466 0.617630 0.584545 0.554550 0.573029 0.560287 0.608196 0.556505 0.653601 0.599805 0.610163 0.544015 0.599972 0.622953 0.622916 0.568167 0.623505 0.520154 0.558019 0.633016 0.588172 0.605889 0.610219 0.591277 0.642163 0.587219 0.570223 0.560088 0.613939 0.546331 0.590922 0.576194 0.540137
0.644596 0.579050 0.630257 0.645550 0.643385 0.631176 0.630464 0.597678 0.657429 0.653923 0.621549 0.584133 0.628952 0.593051 0.636410 0.581220 0.576159 0.558357 0.617353 0.637950 0.605007 0.628955 0.697788 0.636209 0.661992 0.625823 0.539222 0.601855 0.663580 0.568527 0.574942 0.618673 0.637993 0.578935 0.657940 0.614925 0.593573 0.610630 0.617361 0.632482 0.601910 0.697093 0.645229 0.647187 0.604054 0.637879 0.665721 0.655001 0.607446 0.675809 0.535512 0.606161 0.658909 0.630904 0.613264 0.636040 0.639463 0.688648 0.620862 0.602877 0.588065 0.654837 0.552306 0.643583 0.621585 0.575230
0.634289 0.597169 0.636880 0.633192 0.512920 0.476761 0.533192 0.624753 0.480859 0.644762 0.613982 0.565081 0.489110 0.616049 0.648737 0.565591 0.598007 0.584757 0.626832 0.490102 0.625737 0.456385 0.531525 0.627553 0.650536 0.503517 0.532861 0.531987 0.672114 0.581148 0.618673     -nan 0.489478 0.597280 0.647783 0.601454 0.600224 0.628970 0.643958 0.640994 0.638331 0.556908 0.504737 0.650016 0.629771 0.480463 0.470076 0.535466 0.564680 0.671464 0.547372 0.597399 0.517416 0.500037 0.617117 0.614053 0.613611 0.269169 0.603399 0.520185 0.601498 0.494411 0.570629 0.485843 0.617930 0.592408
0.681054 0.611294 0.643707 0.682158 0.496496 0.481766 0.531992 0.644900 0.476854 0.686152 0.657251 0.576052 0.470678 0.637661 0.650263 0.578779 0.617760 0.612482 0.636175 0.472292 0.647097 0.489053 0.514141 0.685957 0.692357 0.473781 0.571715 0.535019 0.697922 0.603820 0.637993 0.489478 0.447480 0.627586 0.692628 0.654029 0.647052 0.666205 0.656562 0.673222 0.650962 0.523532 0.494827 0.691766 0.643968 0.435758 0.516757 0.539595 0.570634 0.711692 0.558520 0.606847 0.483734 0.475181 0.621336 0.667948 0.686760 0.494744 0.628881 0.493136 0.623763 0.470752 0.588908 0.469291 0.669481 0.625757
0.599738 0.565838 0.607956 0.600453 0.636368 0.623280 0.625920 0.543903 0.652193 0.607642 0.580710 0.578167 0.620320 0.537442 0.617268 0.582427 0.543703 0.516944 0.586754 0.626535 0.590267 0.612763 0.693058 0.588151 0.614189 0.618270 0.492743 0.598014 0.617191 0.550466 0.578935 0.597280 0.627586 0.517341 0.615435 0.571801 0.539710 0.603830 0.567963 0.603721 0.567111 0.684521 0.636411 0.589660 0.571196 0.631567 0.653359 0.647458 0.602118 0.628435 0.517825 0.578102 0.659273 0.621415 0.624661 0.588883 0.598651 0.667371 0.590482 0.609016 0.552048 0.648841 0.556553 0.632893 0.567659 0.555097
0.543167 0.637093 0.677219 0.534608 0.696128 0.674608 0.694536 0.635919 0.713064 0.541300 0.550811 0.647641 0.685860 0.630310 0.700767 0.646662 0.617345 0.612176 0.611323 0.693615 0.652162 0.674667 0.757149 0.559275 0.548192 0.677807 0.561317 0.650023 0.557507 0.617630 0.657940 0.647783 0.692628 0.615435 0.525612 0.516557 0.583656 0.674610 0.653818 0.625080 0.660282 0.746069 0.694776 0.634906 0.665263 0.707012 0.704515 0.710210 0.668629 0.592713 0.566128 0.643926 0.721938 0.676586 0.682606 0.569399 0.570993 0.727386 0.656402 0.675702 0.587514 0.717072 0.620796 0.705655 0.556137 0.645728
0.501473 0.596962 0.639838 0.521542 0.657208 0.638840 0.651620 0.596746 0.670840 0.526542 0.522309 0.607518 0.647649 0.587695 0.660799 0.607204 0.587752 0.561303 0.568504 0.651761 0.611100 0.634862 0.721477 0.458897 0.537724 0.639679 0.516624 0.615200 0.492224 0.584545 0.614925 0.601454 0.654029 0.571801 0.516557 0.494981 0.541741 0.645363 0.607105 0.576735 0.608051 0.709285 0.655875 0.605551 0.620220 0.655618 0.663030 0.674454 0.621862 0.504322 0.531669 0.608777 0.679510 0.634853 0.650580 0.526416 0.535635 0.684663 0.620422 0.634923 0.553441 0.668427 0.599823 0.660734 0.522072 0.610629
0.558096 0.570358 0.609878 0.564828 0.660164 0.631113 0.637519 0.561921 0.664849 0.575100 0.533860 0.596125 0.646136 0.554809 0.621616 0.600024 0.551650 0.524341 0.593130 0.646096 0.598828 0.637652 0.710669 0.546231 0.587391 0.626757 0.510949 0.616451 0.577016 0.554550 0.593573 0.600224 0.647052 0.539710 0.583656 0.541741     -nan 0.630232 0.558330 0.562223 0.578375 0.694799 0.645111 0.574634 0.575451 0.653851 0.661360 0.654393 0.603370 0.572675 0.542303 0.605711 0.682403 0.632569 0.653986 0.565067 0.538527 0.678879 0.611490 0.635299 0.538140 0.670968 0.576963 0.646708 0.531210 0.568707
0.670015 0.614931 0.646605 0.664833 0.670912 0.662626 0.661689 0.608802 0.689027 0.670211 0.651131 0.616248 0.656824 0.610882 0.653894 0.611383 0.584741 0.534635 0.655292 0.672802 0.625396 0.653422 0.721240 0.653053 0.669844 0.663086 0.560669 0.639047 0.703845 0.573029 0.610630 0.628970 0.666205 0.603830 0.674610 0.645363 0.630232     -nan 0.628714 0.660968 0.617550 0.708390 0.668105 0.665915 0.629396 0.668186 0.701409 0.710107 0.652285 0.709817 0.560075 0.619467 0.694674 0.644871 0.648344 0.650669 0.669686 0.707836 0.627761 0.667115 0.584575 0.684735 0.579621 0.674280 0.623085 0.589887
0.638008 0.593266 0.654234 0.633436 0.679677 0.671019 0.665559 0.578543 0.693921 0.636468 0.611118 0.623327 0.662139 0.572539 0.656782 0.627390 0.560964 0.546458 0.622051 0.665959 0.622733 0.659302 0.746192 0.631166 0.650954 0.668792 0.536632 0.641195 0.653731 0.560287 0.617361 0.643958 0.656562 0.567963 0.653818 0.607105 0.558330 0.628714     -nan 0.642108 0.602163 0.743992 0.673254 0.627719 0.577402 0.670896 0.685646 0.700261 0.633180 0.665507 0.564319 0.635301 0.707169 0.654238 0.639103 0.631917 0.627132 0.723333 0.635573 0.663560 0.579081 0.696058 0.622995 0.676306 0.606139 0.601471
0.601430 0.611213 0.653173 0.593126 0.673828 0.667358 0.675139 0.614912 0.686326 0.605616 0.582513 0.617930 0.671942 0.615705 0.662655 0.623315 0.601544 0.590057 0.587198 0.676839 0.630568 0.653722 0.755621 0.584781 0.603529 0.660047 0.570340 0.646987 0.626885 0.608196 0.632482 0.640994 0.673222 0.603721 0.625080 0.576735 0.562223 0.660968 0.642108     -nan 0.631349 0.728802 0.673227 0.657682 0.632405 0.675867 0.694975 0.701403 0.647166 0.601822 0.568898 0.616911 0.692020 0.650913 0.656593 0.607810 0.614929 0.723778 0.626635 0.656919 0.578216 0.661189 0.613550 0.690598 0.584278 0.618041
0.642288 0.565783 0.628636 0.638220 0.657936 0.640975 0.644080 0.584483 0.663000 0.644386 0.617425 0.594450 0.641321 0.578817 0.642915 0.598517 0.559445 0.526335 0.605247 0.644919 0.616597 0.644384 0.717291 0.636196 0.659445 0.645519 0.519987 0.613318 0.649048 0.556505 0.601910 0.638331 0.650962 0.567111 0.660282 0.608051 0.578375 0.617550 0.602163 0.631349 0.547435 0.708465 0.652857 0.630630 0.568272 0.645947 0.680975 0.673602 0.623573 0.675609 0.541661 0.610929 0.668152 0.642893 0.641151 0.634371 0.640868 0.711509 0.619769 0.633741 0.580143 0.651338 0.573606 0.655459 0.610267 0.575249
0.737931 0.665011 0.704308 0.737195 0.523031 0.492123 0.554022 0.704655 0.512308 0.741944 0.714560 0.636208 0.521363 0.703952 0.714744 0.628774 0.667033 0.662297 0.689091 0.520100 0.694886 0.514630 0.476655 0.737980 0.764488 0.521247 0.630481 0.585112 0.759310 0.653601 0.697093 0.556908 0.523532 0.684521 0.746069 0.709285 0.694799 0.708390 0.743992 0.728802 0.708465     -nan 0.514265 0.754250 0.715818 0.503924 0.555373 0.510446 0.611281 0.769516 0.604286 0.665901 0.507777 0.502071 0.668340 0.740082 0.739016 0.554271 0.695349 0.531048 0.697656 0.491095 0.644031 0.521375 0.731695 0.697600
0.684034 0.617010 0.663559 0.682385 0.504489 0.466464 0.536644 0.652903 0.463498 0.693887 0.657952 0.580566 0.495165 0.648157 0.665592 0.584173 0.623421 0.617203 0.644951 0.501201 0.649141 0.488358 0.518113 0.694389 0.700619 0.501113 0.591763 0.540693 0.716132 0.599805 0.645229 0.504737 0.494827 0.636411 0.694776 0.655875 0.645111 0.668105 0.673254 0.673227 0.652857 0.514265 0.522517 0.703692 0.654841 0.488484 0.530397 0.530944 0.589922 0.726189 0.569194 0.618952 0.504885 0.481266 0.634399 0.674972 0.679043 0.527183 0.637969 0.506335 0.636398 0.483012 0.586629 0.492722 0.678145 0.629039
0.623764 0.625365 0.674697 0.627093 0.705902 0.689173 0.689319 0.614276 0.710812 0.629466 0.614376 0.638119 0.686755 0.614498 0.695006 0.637604 0.602516 0.585533 0.643778 0.694866 0.659481 0.681712 0.753034 0.624031 0.644421 0.687614 0.561575 0.650449 0.634780 0.610163 0.647187 0.650016 0.691766 0.589660 0.634906 0.605551 0.574634 0.665915 0.627719 0.657682 0.630630 0.754250 0.703692 0.673959 0.631328 0.695729 0.713684 0.716452 0.670976 0.654236 0.574146 0.651752 0.726598 0.693912 0.682529 0.617113 0.615744 0.731027 0.660246 0.671579 0.604365 0.710611 0.610553 0.703161 0.609809 0.618949
0.649280 0.568983 0.623833 0.649829 0.660939 0.644814 0.645644 0.589433 0.674937 0.658836 0.616129 0.610708 0.651617 0.585019 0.638458 0.607072 0.550788 0.520818 0.625862 0.647216 0.619067 0.634064 0.702973 0.645659 0.647756 0.640623 0.561848 0.622327 0.684463 0.544015 0.604054 0.629771 0.643968 0.571196 0.665263 0.620220 0.575451 0.629396 0.577402 0.632405 0.568272 0.715818 0.654841 0.631328     -nan 0.636494 0.676633 0.683077 0.619951 0.689555 0.574127 0.614755 0.674536 0.629427 0.654559 0.644867 0.634573 0.682988 0.615830 0.652161 0.583210 0.660047 0.570630 0.652843 0.617537 0.568960
0.686686 0.607620 0.639386 0.690383 0.485070 0.463460 0.522380 0.650546 0.455492 0.692309 0.659692 0.579326 0.462913 0.643305 0.647252 0.572656 0.622690 0.613110 0.633225 0.451532 0.634862 0.463881 0.494133 0.695173 0.705244 0.469988 0.585491 0.527325 0.704548 0.599972 0.637879 0.480463 0.435758 0.631567 0.707012 0.655618 0.653851 0.668186 0.670896 0.675867 0.645947 0.503924 0.488484 0.695729 0.636494 0.457607 0.498922 0.513474 0.551475 0.721587 0.557379 0.608541 0.477639 0.468351 0.626227 0.673687 0.688852 0.484420 0.619051 0.495031 0.626677 0.460754 0.591567 0.445364 0.674526 0.632955
0.699008 0.636716 0.673292 0.700003 0.528276 0.513784 0.566805 0.673141 0.507141 0.709670 0.675570 0.606977 0.505571 0.665178 0.669480 0.608941 0.641959 0.627437 0.674113 0.516843 0.669481 0.476326 0.526842 0.711585 0.712793 0.520031 0.599135 0.566032 0.731718 0.622953 0.665721 0.470076 0.516757 0.653359 0.704515 0.663030 0.661360 0.701409 0.685646 0.694975 0.680975 0.555373 0.530397 0.713684 0.676633 0.498922 0.534706 0.562357 0.587463 0.726531 0.592834 0.622129 0.507866 0.509310 0.659158 0.684209 0.697858 0.448825 0.650045 0.549978 0.642803 0.512291 0.607288 0.472394 0.679093 0.648800
0.705267 0.629757 0.668675 0.702089 0.528296 0.517984 0.556458 0.669026 0.539326 0.708812 0.680475 0.603892 0.510778 0.666788 0.672303 0.602269 0.642986 0.657545 0.671385 0.528120 0.648714 0.516438 0.518963 0.706924 0.724109 0.510911 0.604695 0.579648 0.729874 0.622916 0.655001 0.535466 0.539595 0.647458 0.710210 0.674454 0.654393 0.710107 0.700261 0.701403 0.673602 0.510446 0.530944 0.716452 0.683077 0.513474 0.562357     -nan 0.595238 0.762417 0.583887 0.636277 0.508462 0.535358 0.684126 0.692452 0.702230 0.554450 0.648051 0.541714 0.675617 0.475292 0.616558 0.505259 0.694033 0.657539
0.640974 0.586993 0.608014 0.648640 0.574916 0.562327 0.582120 0.616523 0.574291 0.656091 0.633599 0.584098 0.559380 0.605567 0.600120 0.587165 0.595413 0.578646 0.609570 0.575782 0.572737 0.565361 0.607937 0.641164 0.653807 0.565029 0.567879 0.575964 0.655823 0.568167 0.607446 0.564680 0.570634 0.602118 0.668629 0.621862 0.603370 0.652285 0.633180 0.647166 0.623573 0.611281 0.589922 0.670976 0.619951 0.551475 0.587463 0.595238     -nan 0.666513 0.543444 0.538766 0.582685 0.555872 0.617317 0.649320 0.640402 0.613319 0.598441 0.563226 0.592269 0.574080 0.584385 0.578911 0.640034 0.600071
0.538809 0.656742 0.697569 0.570212 0.716053 0.699043 0.716371 0.657669 0.732235 0.567971 0.568545 0.668732 0.704772 0.653986 0.719196 0.663501 0.634520 0.643455 0.640547 0.717854 0.675826 0.692450 0.783968 0.304321 0.567211 0.699674 0.583640 0.669433 0.413090 0.623505 0.675809 0.671464 0.711692 0.628435 0.592713 0.504322 0.572675 0.709817 0.665507 0.601822 0.675609 0.769516 0.726189 0.654236 0.689555 0.721587 0.726531 0.762417 0.666513     -nan 0.592478 0.652807 0.739576 0.687438 0.710172 0.586996 0.582340 0.741698 0.682441 0.723367 0.608297 0.713099 0.662976 0.704438 0.546804 0.664522
0.561680 0.522840 0.566112 0.557313 0.568805 0.549775 0.554194 0.538954 0.574663 0.558091 0.544895 0.517513 0.552477 0.532733 0.568877 0.517745 0.513001 0.510443 0.571977 0.562495 0.543188 0.556186 0.630857 0.553864 0.576751 0.551950 0.475687 0.530744 0.564676 0.520154 0.535512 0.547372 0.558520 0.517825 0.566128 0.531669 0.542303 0.560075 0.564319 0.568898 0.541661 0.604286 0.569194 0.574146 0.574127 0.557379 0.592834 0.583887 0.543444 0.592478     -nan 0.545323 0.583720 0.557083 0.551819 0.554307 0.568567 0.597871 0.553862 0.530979 0.508385 0.588569 0.501338 0.573007 0.535981 0.522177
0.636055 0.587841 0.544423 0.633906 0.622697 0.608508 0.620772 0.601118 0.633759 0.649088 0.610908 0.587468 0.600183 0.597355 0.535739 0.580634 0.577139 0.574694 0.602600 0.609553 0.528577 0.594291 0.668722 0.633423 0.637033 0.598385 0.546569 0.591503 0.650912 0.558019 0.606161 0.597399 0.606847 0.578102 0.643926 0.608777 0.605711 0.619467 0.635301 0.616911 0.610929 0.665901 0.618952 0.651752 0.614755 0.608541 0.622129 0.636277 0.538766 0.652807 0.545323     -nan 0.627439 0.605544 0.642025 0.633645 0.627339 0.651438 0.508435 0.587481 0.593882 0.637703 0.567047 0.597940 0.615951 0.592308
0.714807 0.635774 0.663842 0.712773 0.510914 0.489424 0.540157 0.674636 0.490489 0.715415 0.688453 0.601793 0.475104 0.669447 0.669826 0.602499 0.654279 0.641548 0.672637 0.498901 0.669429 0.478368 0.510116 0.713468 0.725575 0.496228 0.598367 0.556443 0.741110 0.633016 0.658909 0.517416 0.483734 0.659273 0.721938 0.679510 0.682403 0.694674 0.707169 0.692020 0.668152 0.507777 0.504885 0.726598 0.674536 0.477639 0.507866 0.508462 0.582685 0.739576 0.583720 0.627439 0.483105 0.491996 0.647906 0.705002 0.709541 0.511906 0.650285 0.514515 0.657087 0.477117 0.600632 0.470953 0.699056 0.658103
0.665224 0.605161 0.647152 0.666611 0.488327 0.479410 0.525231 0.638417 0.477962 0.671043 0.642597 0.570178 0.464519 0.634613 0.644955 0.570453 0.607894 0.607112 0.630645 0.484913 0.637646 0.475401 0.507550 0.658149 0.679748 0.485830 0.572663 0.545378 0.679113 0.588172 0.630904 0.500037 0.475181 0.621415 0.676586 0.634853 0.632569 0.644871 0.654238 0.650913 0.642893 0.502071 0.481266 0.693912 0.629427 0.468351 0.509310 0.535358 0.555872 0.687438 0.557083 0.605544 0.491996 0.477309 0.611962 0.648960 0.655639 0.509803 0.629378 0.497882 0.612048 0.445733 0.576183 0.467981 0.664332 0.619548
0.673736 0.612137 0.667275 0.672954 0.641073 0.612733 0.612124 0.639897 0.625205 0.682341 0.642603 0.529302 0.628889 0.625467 0.656347 0.569929 0.614752 0.587694 0.638697 0.634411 0.650791 0.624229 0.703292 0.688794 0.692503 0.623791 0.574344 0.584100 0.704277 0.605889 0.613264 0.617117 0.621336 0.624661 0.682606 0.650580 0.653986 0.648344 0.639103 0.656593 0.641151 0.668340 0.634399 0.682529 0.654559 0.626227 0.659158 0.684126 0.617317 0.710172 0.551819 0.642025 0.647906 0.611962     -nan 0.664349 0.665427 0.655565 0.664098 0.597427 0.626603 0.665594 0.556614 0.635343 0.657849 0.614749
0.542213 0.615028 0.656779 0.536593 0.667613 0.664761 0.665142 0.612182 0.690367 0.540272 0.542264 0.621891 0.672793 0.606188 0.675091 0.622891 0.603799 0.597222 0.599744 0.671027 0.635078 0.650195 0.728993 0.559892 0.561109 0.659851 0.529453 0.637245 0.554474 0.610219 0.636040 0.614053 0.667948 0.588883 0.569399 0.526416 0.565067 0.650669 0.631917 0.607810 0.634371 0.740082 0.674972 0.617113 0.644867 0.673687 0.684209 0.692452 0.649320 0.586996 0.554307 0.633645 0.705002 0.648960 0.664349     -nan 0.526494 0.699186 0.654981 0.667841 0.563225 0.680004 0.616746 0.676042 0.535901 0.619022
0.546925 0.614188 0.648112 0.546007 0.680379 0.659275 0.678068 0.615561 0.702074 0.545793 0.539637 0.619170 0.678385 0.607781 0.658873 0.626621 0.599660 0.596357 0.603873 0.676368 0.639378 0.656765 0.758485 0.551212 0.566877 0.664727 0.540742 0.633741 0.572092 0.591277 0.639463 0.613611 0.686760 0.598651 0.570993 0.535635 0.538527 0.669686 0.627132 0.614929 0.640868 0.739016 0.679043 0.615744 0.634573 0.688852 0.697858 0.702230 0.640402 0.582340 0.568567 0.627339 0.709541 0.655639 0.665427 0.526494     -nan 0.703621 0.632205 0.674577 0.553076 0.704717 0.609402 0.697373 0.539066 0.613178
0.722340 0.657714 0.696737 0.718837 0.527094 0.489718 0.561391 0.688032 0.477309 0.730969 0.690366 0.612506 0.497537 0.685876 0.700961 0.620927 0.659028 0.654077 0.701150 0.496647 0.686176 0.448755 0.524713 0.711099 0.728197 0.518020 0.606498 0.572908 0.745217 0.642163 0.688648 0.269169 0.494744 0.667371 0.727386 0.684663 0.678879 0.707836 0.723333 0.723778 0.711509 0.554271 0.527183 0.731027 0.682988 0.484420 0.448825 0.554450 0.613319 0.741698 0.597871 0.651438 0.511906 0.509803 0.655565 0.699186 0.703621     -nan 0.666638 0.544831 0.674516 0.492959 0.639318 0.477744 0.700621 0.660403
0.650115 0.606236 0.514082 0.647282 0.633482 0.621956 0.633795 0.611711 0.646789 0.661879 0.623741 0.610037 0.614071 0.611055 0.502129 0.602015 0.588545 0.599911 0.630497 0.630512 0.479758 0.616356 0.683970 0.638275 0.661350 0.610236 0.549313 0.592798 0.679589 0.587219 0.620862 0.603399 0.628881 0.590482 0.656402 0.620422 0.611490 0.627761 0.635573 0.626635 0.619769 0.695349 0.637969 0.660246 0.615830 0.619051 0.650045 0.648051 0.598441 0.682441 0.553862 0.508435 0.650285 0.629378 0.664098 0.654981 0.632205 0.666638     -nan 0.621771 0.609006 0.646993 0.584155 0.624350 0.625992 0.614863
0.669363 0.580204 0.635518 0.668458 0.515826 0.491289 0.495656 0.623826 0.509442 0.671283 0.644386 0.539934 0.479031 0.621223 0.645727 0.535692 0.594343 0.583572 0.609904 0.514110 0.614490 0.504864 0.524804 0.692401 0.675324 0.505511 0.541960 0.507213 0.704411 0.570223 0.602877 0.520185 0.493136 0.609016 0.675702 0.634923 0.635299 0.667115 0.663560 0.656919 0.633741 0.531048 0.506335 0.671579 0.652161 0.495031 0.549978 0.541714 0.563226 0.723367 0.530979 0.587481 0.514515 0.497882 0.597427 0.667841 0.674577 0.544831 0.621771     -nan 0.622569 0.504179 0.533732 0.480748 0.658604 0.622675
0.576632 0.579081 0.621302 0.568377 0.633431 0.622090 0.628945 0.573384 0.659311 0.574682 0.552131 0.585238 0.628490 0.562287 0.620272 0.574973 0.557961 0.546319 0.580497 0.623398 0.584800 0.621473 0.691113 0.573170 0.576478 0.612631 0.526419 0.597372 0.622287 0.560088 0.588065 0.601498 0.623763 0.552048 0.587514 0.553441 0.538140 0.584575 0.579081 0.578216 0.580143 0.697656 0.636398 0.604365 0.583210 0.626677 0.642803 0.675617 0.592269 0.608297 0.508385 0.593882 0.657087 0.612048 0.626603 0.563225 0.553076 0.674516 0.609006 0.622569     -nan 0.647893 0.563169 0.642082 0.566298 0.556784
0.705485 0.623725 0.671598 0.706022 0.476778 0.448758 0.527855 0.667643 0.448466 0.707959 0.680177 0.599143 0.471551 0.659868 0.681361 0.590682 0.632796 0.621192 0.651239 0.472610 0.666123 0.457379 0.434383 0.691825 0.718589 0.479307 0.605945 0.544837 0.712816 0.613939 0.654837 0.494411 0.470752 0.648841 0.717072 0.668427 0.670968 0.684735 0.696058 0.661189 0.651338 0.491095 0.483012 0.710611 0.660047 0.460754 0.512291 0.475292 0.574080 0.713099 0.588569 0.637703 0.477117 0.445733 0.665594 0.680004 0.704717 0.492959 0.646993 0.504179 0.647893     -nan 0.599011 0.460764 0.693618 0.641113
0.629062 0.547699 0.598034 0.619537 0.591389 0.575402 0.564679 0.575220 0.608609 0.631744 0.592633 0.496226 0.573293 0.578422 0.615930 0.508125 0.545603 0.540568 0.590146 0.587422 0.581247 0.584784 0.646222 0.620592 0.626360 0.583542 0.517481 0.540678 0.643546 0.546331 0.552306 0.570629 0.588908 0.556553 0.620796 0.599823 0.576963 0.579621 0.622995 0.613550 0.573606 0.644031 0.586629 0.610553 0.570630 0.591567 0.607288 0.616558 0.584385 0.662976 0.501338 0.567047 0.600632 0.576183 0.556614 0.616746 0.609402 0.639318 0.584155 0.533732 0.563169 0.599011     -nan 0.591942 0.613536 0.522599
0.694267 0.620074 0.648169 0.694837 0.488162 0.481496 0.520393 0.653330 0.465024 0.705548 0.671957 0.578967 0.448620 0.648545 0.646233 0.569145 0.627577 0.616595 0.654516 0.467167 0.646611 0.443507 0.477054 0.686822 0.718827 0.459062 0.570408 0.539991 0.716981 0.590922 0.643583 0.485843 0.469291 0.632893 0.705655 0.660734 0.646708 0.674280 0.676306 0.690598 0.655459 0.521375 0.492722 0.703161 0.652843 0.445364 0.472394 0.505259 0.578911 0.704438 0.573007 0.597940 0.470953 0.467981 0.635343 0.676042 0.697373 0.477744 0.624350 0.480748 0.642082 0.460764 0.591942     -nan 0.667763 0.617646
0.536301 0.607017 0.641890 0.538673 0.669277 0.662965 0.669798 0.596147 0.694643 0.546481 0.535158 0.622131 0.654776 0.591072 0.669523 0.628042 0.571772 0.554645 0.599138 0.671635 0.612974 0.658755 0.755469 0.538378 0.539480 0.656864 0.530898 0.631362 0.545158 0.576194 0.621585 0.617930 0.669481 0.567659 0.556137 0.522072 0.531210 0.623085 0.606139 0.584278 0.610267 0.731695 0.678145 0.609809 0.617537 0.674526 0.679093 0.694033 0.640034 0.546804 0.535981 0.615951 0.699056 0.664332 0.657849 0.535901 0.539066 0.700621 0.625992 0.658604 0.566298 0.693618 0.613536 0.667763     -nan 0.596604
0.626233 0.575074 0.621875 0.616013 0.634194 0.620681 0.626306 0.576206 0.640194 0.626425 0.597807 0.583980 0.620570 0.573811 0.614624 0.578584 0.540523 0.534566 0.606084 0.633356 0.604393 0.618694 0.688380 0.596040 0.636189 0.623027 0.519001 0.590779 0.656440 0.540137 0.575230 0.592408 0.625757 0.555097 0.645728 0.610629 0.568707 0.589887 0.601471 0.618041 0.575249 0.697600 0.629039 0.618949 0.568960 0.632955 0.648800 0.657539 0.600071 0.664522 0.522177 0.592308 0.658103 0.619548 0.614749 0.619022 0.613178 0.660403 0.614863 0.622675 0.556784 0.641113 0.522599 0.617646 0.596604     -nan
