0.516085 0.514225 0.619822 0.669713 0.546753 0.680371 0.676642 0.682823 0.632695 0.532466 0.530172 0.507084 0.658485 0.613892 0.627598 0.681371 0.674715 0.633499 0.615532 0.595678 0.598195 0.602893 0.681207 0.640846 0.665699 0.749115 0.513239 0.693876 0.543059 0.697189 0.538874 0.650955 0.633366 0.540840 0.486867 0.566468 0.668203 0.514446 0.639849 0.530138 0.636944 0.587746 0.602342 0.559844 0.656010 0.643608 0.719685 0.682563 0.697307 0.596854 0.646078 0.675292 0.696883 0.545533 0.640346 0.561836 0.559230 0.601316 0.641328 0.635891 0.536538 0.718924 0.599685 0.629743 0.663223 0.541923 0.718443 0.685415 0.694786 0.718954 0.705007 0.593605 0.692293 0.689529 0.535375 0.688477 0.709169 0.626995 0.667159 0.667668
0.514225 0.500970 0.619342 0.670252 0.542145 0.681406 0.677707 0.681971 0.633954 0.529444 0.526574 0.508274 0.658648 0.616012 0.626859 0.684072 0.675493 0.632452 0.617653 0.594930 0.595727 0.604144 0.680404 0.640492 0.669031 0.754370 0.515876 0.694853 0.544116 0.693520 0.526805 0.651721 0.632406 0.542856 0.488695 0.567153 0.671813 0.513997 0.640372 0.526658 0.638145 0.583079 0.599554 0.560305 0.655624 0.642562 0.721869 0.683497 0.695022 0.585005 0.651977 0.676890 0.700621 0.533810 0.639245 0.558400 0.561997 0.597667 0.635888 0.639203 0.526839 0.718061 0.603979 0.631366 0.665811 0.541665 0.724915 0.685165 0.690325 0.718955 0.704782 0.593354 0.694421 0.690422 0.536589 0.682690 0.708973 0.624039 0.670039 0.666932
0.619822 0.619342 0.547681 0.610778 0.621211 0.617165 0.607950 0.601427 0.584460 0.609079 0.622623 0.547423 0.575194 0.571157 0.577711 0.604605 0.613821 0.569480 0.559619 0.539670 0.595885 0.540174 0.607981 0.592541 0.603622 0.663221 0.606976 0.619075 0.519829 0.611736 0.624178 0.587697 0.593472 0.635896 0.581658 0.570704 0.605261 0.606535 0.571084 0.596482 0.585656 0.541549 0.610517 0.627722 0.601256 0.557427 0.645278 0.613039 0.634994 0.613023 0.563222 0.595258 0.615390 0.641520 0.582649 0.635263 0.522220 0.567721 0.576072 0.575657 0.614875 0.642441 0.561367 0.596281 0.601240 0.613918 0.654125 0.639524 0.608360 0.640110 0.621467 0.553879 0.613347 0.606185 0.599904 0.616448 0.627835 0.567011 0.611402 0.597556
0.669713 0.670252 0.610778 0.539313 0.668700 0.653392 0.649303 0.649952 0.640559 0.661102 0.674599 0.586528 0.625488 0.626577 0.633353 0.641274 0.511220 0.620424 0.605532 0.603410 0.658109 0.600458 0.640785 0.537591 0.645148 0.699250 0.653256 0.650647 0.558527 0.655662 0.670347 0.630466 0.631201 0.684497 0.629754 0.614798 0.647715 0.655492 0.627493 0.647767 0.648012 0.583293 0.656878 0.677046 0.542777 0.623954 0.687443 0.660219 0.683149 0.666166 0.623955 0.648850 0.653620 0.695227 0.604629 0.680564 0.572894 0.611373 0.627760 0.608429 0.665837 0.672143 0.607616 0.646580 0.651142 0.659137 0.694124 0.697003 0.635983 0.680952 0.670169 0.577388 0.642131 0.648470 0.640477 0.635599 0.651575 0.614373 0.504102 0.619917
0.546753 0.542145 0.621211 0.668700 0.523011 0.681274 0.679731 0.678056 0.637421 0.522072 0.519858 0.511708 0.646892 0.619508 0.627877 0.679309 0.664265 0.631843 0.604632 0.596930 0.594496 0.598355 0.680050 0.649091 0.669950 0.742053 0.526705 0.693141 0.556410 0.682890 0.547747 0.657408 0.637481 0.546944 0.533761 0.572360 0.680124 0.536359 0.646152 0.514386 0.624267 0.587436 0.598565 0.567708 0.657797 0.627012 0.724213 0.680764 0.694416 0.597579 0.665776 0.677464 0.700457 0.573691 0.654701 0.561175 0.567285 0.607480 0.640101 0.640702 0.554804 0.714268 0.588517 0.640999 0.669845 0.560998 0.712324 0.685613 0.681483 0.710992 0.696834 0.592401 0.691521 0.684652 0.553535 0.680601 0.717812 0.608407 0.670524 0.670305
0.680371 0.681406 0.617165 0.653392 0.681274 0.500260 0.498834 0.543197 0.660674 0.666457 0.684937 0.595078 0.596026 0.648141 0.659194 0.493834 0.654370 0.583533 0.626134 0.621413 0.656643 0.629041 0.506109 0.647712 0.508498 0.529692 0.683307 0.508006 0.583392 0.582774 0.690125 0.660044 0.515372 0.696794 0.647277 0.648233 0.666896 0.661268 0.634175 0.658977 0.679094 0.524044 0.671065 0.692049 0.646001 0.661664 0.532841 0.507476 0.492970 0.689448 0.663687 0.536269 0.522433 0.706883 0.578319 0.699348 0.569399 0.645190 0.651603 0.487578 0.686246 0.528747 0.618918 0.673075 0.495817 0.664184 0.529608 0.738266 0.486252 0.525470 0.482707 0.482578 0.489246 0.475078 0.666757 0.481640 0.506995 0.635678 0.643189 0.489488
0.676642 0.677707 0.607950 0.649303 0.679731 0.498834 0.410437 0.527035 0.653599 0.663858 0.682617 0.584338 0.583485 0.643533 0.655121 0.475610 0.649184 0.576121 0.623896 0.614547 0.647339 0.616085 0.481408 0.644965 0.484961 0.503382 0.680400 0.484335 0.584043 0.556266 0.684690 0.657015 0.478032 0.690551 0.644314 0.636147 0.670558 0.652562 0.630667 0.664090 0.677010 0.504982 0.673405 0.685633 0.645694 0.655500 0.511592 0.462308 0.489322 0.678793 0.653675 0.519215 0.491429 0.706330 0.565175 0.697781 0.557490 0.643286 0.638079 0.460891 0.682040 0.503239 0.619232 0.667312 0.478873 0.672806 0.487029 0.730524 0.450640 0.459830 0.447225 0.469713 0.481556 0.480294 0.673276 0.460702 0.480542 0.627493 0.646846 0.477679
0.682823 0.681971 0.601427 0.649952 0.678056 0.543197 0.527035 0.500972 0.650954 0.668675 0.687190 0.591740 0.580226 0.635937 0.646760 0.527692 0.647976 0.569668 0.618435 0.604646 0.640437 0.614963 0.536054 0.634636 0.537742 0.558494 0.683988 0.539842 0.579285 0.563619 0.688519 0.649236 0.533286 0.699082 0.643095 0.633186 0.661186 0.659630 0.619147 0.665125 0.664265 0.513527 0.673981 0.696672 0.638372 0.649874 0.557306 0.537907 0.546257 0.673394 0.645081 0.499520 0.532001 0.705351 0.581722 0.699871 0.553837 0.635696 0.636155 0.507283 0.686854 0.549981 0.605724 0.652994 0.525908 0.665693 0.561227 0.721631 0.520302 0.562702 0.531063 0.506974 0.520280 0.524964 0.670541 0.529236 0.536837 0.627227 0.643425 0.522992
0.632695 0.633954 0.584460 0.640559 0.637421 0.660674 0.653599 0.650954 0.605645 0.621751 0.633276 0.563908 0.613800 0.565542 0.582998 0.654927 0.633851 0.607645 0.575232 0.544942 0.622590 0.563309 0.650996 0.619465 0.646867 0.703269 0.631061 0.660669 0.532750 0.661967 0.634167 0.612275 0.633791 0.649513 0.594944 0.577505 0.626049 0.619118 0.611315 0.595353 0.592829 0.578129 0.627987 0.633288 0.630905 0.596848 0.693124 0.655867 0.672545 0.630816 0.597549 0.643994 0.660391 0.658194 0.619280 0.645030 0.548403 0.573526 0.606484 0.615717 0.637321 0.683593 0.564999 0.582667 0.641740 0.632739 0.698669 0.622144 0.649693 0.684019 0.669256 0.583778 0.662791 0.650857 0.608227 0.658882 0.677452 0.590463 0.633233 0.631139
0.532466 0.529444 0.609079 0.661102 0.522072 0.666457 0.663858 0.668675 0.621751 0.509405 0.517896 0.505889 0.644232 0.606330 0.619813 0.671252 0.667259 0.622461 0.606184 0.588645 0.598074 0.593894 0.664573 0.627612 0.654229 0.732132 0.534119 0.681810 0.536811 0.680878 0.543118 0.645444 0.622525 0.537570 0.514001 0.564138 0.652834 0.526170 0.633620 0.513328 0.626268 0.582242 0.585792 0.544421 0.646070 0.633931 0.705141 0.672400 0.682875 0.593325 0.639740 0.661744 0.684974 0.556358 0.637551 0.539124 0.546773 0.595094 0.624101 0.625247 0.524155 0.696394 0.593825 0.628405 0.647929 0.530891 0.706752 0.669551 0.679101 0.706589 0.685949 0.579001 0.682392 0.678137 0.540312 0.675207 0.687786 0.613833 0.664022 0.657987
0.530172 0.526574 0.622623 0.674599 0.519858 0.684937 0.682617 0.687190 0.633276 0.517896 0.505300 0.507760 0.657895 0.615392 0.627427 0.692411 0.676503 0.636923 0.619460 0.595847 0.603607 0.605835 0.685875 0.642722 0.673379 0.755000 0.536545 0.701879 0.545689 0.700620 0.547065 0.657537 0.637798 0.542385 0.514043 0.568828 0.667972 0.529962 0.645086 0.513886 0.636252 0.593235 0.596465 0.548474 0.661319 0.642977 0.724209 0.687406 0.704309 0.602655 0.653258 0.681275 0.708244 0.555015 0.653033 0.553510 0.559905 0.603438 0.640257 0.643746 0.528717 0.725095 0.606697 0.636095 0.671792 0.537217 0.724517 0.683358 0.700769 0.723067 0.711658 0.600940 0.700133 0.693660 0.540190 0.692437 0.712301 0.618863 0.673536 0.676650
0.507084 0.508274 0.547423 0.586528 0.511708 0.595078 0.584338 0.591740 0.563908 0.505889 0.507760 0.467822 0.574632 0.546601 0.557537 0.594303 0.585914 0.553620 0.541620 0.532394 0.552867 0.531701 0.585751 0.567119 0.578075 0.656358 0.502266 0.599072 0.480771 0.594774 0.514928 0.582327 0.556941 0.524422 0.482494 0.495905 0.599081 0.494702 0.567843 0.483957 0.560344 0.512221 0.557663 0.505878 0.580186 0.573622 0.634602 0.587115 0.609058 0.554446 0.565099 0.584614 0.594643 0.527611 0.580019 0.534185 0.493632 0.533801 0.574539 0.547283 0.516130 0.640525 0.528258 0.568214 0.581895 0.495753 0.624480 0.623675 0.586364 0.624143 0.614082 0.516275 0.603055 0.590221 0.501998 0.601489 0.618420 0.553282 0.586115 0.573622
0.658485 0.658648 0.575194 0.625488 0.646892 0.596026 0.583485 0.580226 0.613800 0.644232 0.657895 0.574632 0.461632 0.605887 0.606930 0.586488 0.635423 0.521181 0.584171 0.571522 0.610455 0.578880 0.591792 0.609641 0.593500 0.642438 0.645567 0.607257 0.532919 0.590168 0.654634 0.609318 0.569621 0.669637 0.626358 0.603911 0.612314 0.639368 0.584434 0.625459 0.646117 0.531360 0.633680 0.658948 0.618236 0.594579 0.629979 0.591886 0.611238 0.639846 0.609944 0.567059 0.607207 0.680964 0.602936 0.680142 0.528744 0.591764 0.610931 0.564219 0.649447 0.626336 0.583534 0.634374 0.581486 0.642222 0.624749 0.667128 0.576488 0.628705 0.603486 0.542996 0.590012 0.578244 0.648104 0.598468 0.598076 0.574699 0.620927 0.571861
0.613892 0.616012 0.571157 0.626577 0.619508 0.648141 0.643533 0.635937 0.565542 0.606330 0.615392 0.546601 0.605887 0.538736 0.557656 0.641980 0.625181 0.592749 0.558191 0.524056 0.603176 0.552661 0.637312 0.604806 0.633746 0.698220 0.608437 0.649027 0.510632 0.652422 0.622620 0.593499 0.615211 0.632537 0.572485 0.556259 0.608590 0.599677 0.588657 0.584755 0.570172 0.562707 0.608858 0.618296 0.613058 0.571240 0.681143 0.645391 0.659221 0.609192 0.587407 0.630398 0.648725 0.633332 0.606165 0.635550 0.531583 0.550067 0.584320 0.603168 0.617645 0.674787 0.560222 0.549522 0.631921 0.602279 0.681625 0.612048 0.645409 0.675620 0.659220 0.566675 0.645512 0.644226 0.585658 0.650497 0.658843 0.573042 0.619962 0.622579
0.627598 0.626859 0.577711 0.633353 0.627877 0.659194 0.655121 0.646760 0.582998 0.619813 0.627427 0.557537 0.606930 0.557656 0.560397 0.646474 0.632982 0.599488 0.553816 0.534392 0.615887 0.553326 0.648422 0.612701 0.643158 0.712686 0.613596 0.660412 0.518425 0.659769 0.630490 0.601303 0.621101 0.643467 0.585601 0.571616 0.605041 0.612651 0.592486 0.595487 0.577783 0.568561 0.619965 0.631570 0.623761 0.578155 0.687825 0.655429 0.673398 0.603395 0.578763 0.641084 0.660447 0.640875 0.619575 0.647052 0.537642 0.549762 0.594265 0.611685 0.629222 0.685016 0.552355 0.572077 0.641194 0.612662 0.687499 0.620400 0.659777 0.684211 0.666482 0.577253 0.654229 0.652267 0.598194 0.662306 0.672246 0.565604 0.628803 0.633819
0.681371 0.684072 0.604605 0.641274 0.679309 0.493834 0.475610 0.527692 0.654927 0.671252 0.692411 0.594303 0.586488 0.641980 0.646474     -nan 0.647083 0.565413 0.614740 0.606550 0.645955 0.615191 0.480223 0.637686 0.479830 0.500511 0.670570 0.481518 0.578183 0.538908 0.703054 0.645816 0.494278 0.696379 0.648413 0.653768 0.674437 0.663694 0.631036 0.652184 0.683703 0.501529 0.685221 0.689963 0.627293 0.662493 0.506567 0.500963 0.486864 0.667649 0.656579 0.507018 0.460451 0.701466 0.561695 0.709465 0.552111 0.635058 0.635227 0.443013 0.677666 0.500964 0.601850 0.662398 0.455436 0.685680 0.480026 0.750566 0.451880 0.507156 0.468841 0.479812 0.452763 0.477098 0.659222 0.470022 0.435042 0.619256 0.650034 0.454663
0.674715 0.675493 0.613821 0.511220 0.664265 0.654370 0.649184 0.647976 0.633851 0.667259 0.676503 0.585914 0.635423 0.625181 0.632982 0.647083 0.511266 0.619926 0.609444 0.614118 0.643651 0.598785 0.646483 0.522528 0.641812 0.702717 0.664527 0.656349 0.564140 0.646577 0.679137 0.639663 0.628855 0.692126 0.639447 0.620920 0.651541 0.659255 0.636252 0.637631 0.654149 0.579254 0.651128 0.672754 0.548431 0.635197 0.692358 0.659349 0.673044 0.669220 0.623341 0.645663 0.661697 0.695859 0.606300 0.698100 0.567601 0.612024 0.638253 0.608437 0.676993 0.665388 0.610507 0.654368 0.643671 0.670174 0.685512 0.699689 0.635312 0.674557 0.670379 0.594541 0.638893 0.649547 0.666646 0.640783 0.674410 0.623082 0.513566 0.617574
0.633499 0.632452 0.569480 0.620424 0.631843 0.583533 0.576121 0.569668 0.607645 0.622461 0.636923 0.553620 0.521181 0.592749 0.599488 0.565413 0.619926 0.528580 0.574957 0.557958 0.598544 0.574104 0.580315 0.600999 0.578348 0.637644 0.630730 0.589505 0.530666 0.582877 0.637092 0.598163 0.568057 0.648125 0.594179 0.587618 0.612955 0.615593 0.571263 0.611624 0.623321 0.517919 0.621285 0.640784 0.606354 0.594311 0.618742 0.584850 0.600234 0.623658 0.608285 0.562256 0.590453 0.654049 0.585090 0.654154 0.516775 0.583704 0.605668 0.548961 0.631102 0.612583 0.577133 0.613069 0.571204 0.621263 0.620895 0.663102 0.576625 0.619032 0.595807 0.529297 0.573587 0.572117 0.623663 0.579503 0.593697 0.579690 0.613623 0.567965
0.615532 0.617653 0.559619 0.605532 0.604632 0.626134 0.623896 0.618435 0.575232 0.606184 0.619460 0.541620 0.584171 0.558191 0.553816 0.614740 0.609444 0.574957 0.561293 0.532695 0.594492 0.537845 0.619431 0.590180 0.616084 0.665545 0.600849 0.624540 0.517048 0.636104 0.618826 0.592921 0.590697 0.627328 0.583906 0.563482 0.602351 0.604006 0.578985 0.596002 0.570758 0.535276 0.612900 0.617327 0.599996 0.569405 0.658273 0.625505 0.655148 0.610052 0.575025 0.612661 0.645272 0.632505 0.604706 0.632287 0.516703 0.551100 0.567505 0.572883 0.619511 0.659236 0.491953 0.591264 0.606199 0.607900 0.656183 0.620860 0.624854 0.654740 0.631195 0.554633 0.623627 0.614931 0.581899 0.626116 0.650532 0.532372 0.618130 0.604862
0.595678 0.594930 0.539670 0.603410 0.596930 0.621413 0.614547 0.604646 0.544942 0.588645 0.595847 0.532394 0.571522 0.524056 0.534392 0.606550 0.614118 0.557958 0.532695     -nan 0.569656 0.540177 0.615117 0.575871 0.606389 0.675420 0.609275 0.626680 0.476770 0.613734 0.610786 0.569382 0.584757 0.618432 0.542563 0.535330 0.534635 0.580042 0.552845 0.558066 0.546458 0.542474 0.590057 0.588102 0.586150 0.522628 0.659921 0.617203 0.639251 0.583249 0.520818 0.602878 0.626576 0.617718 0.578646 0.604138 0.510443 0.531434 0.533750 0.589008 0.591409 0.653461 0.548510 0.536988 0.607112 0.597222 0.654077 0.590102 0.613414 0.643782 0.621192 0.543139 0.616595 0.609194 0.554645 0.628841 0.629635 0.534566 0.583435 0.615241
0.598195 0.595727 0.595885 0.658109 0.594496 0.656643 0.647339 0.640437 0.622590 0.598074 0.603607 0.552867 0.610455 0.603176 0.615887 0.645955 0.643651 0.598544 0.594492 0.569656     -nan 0.592981 0.644636 0.632915 0.638838 0.700251 0.621617 0.650597 0.531908 0.636088 0.622007 0.627477 0.626832 0.617168 0.556738 0.586814 0.655292 0.580270 0.612291 0.578895 0.622051 0.555428 0.587198 0.598957 0.638193 0.609356 0.680238 0.644951 0.653922 0.636164 0.625862 0.618109 0.652288 0.624060 0.609570 0.634348 0.571977 0.590876 0.597031 0.612778 0.612773 0.668007 0.586498 0.628005 0.630645 0.599744 0.701150 0.659007 0.626634 0.688799 0.651239 0.600553 0.654516 0.641951 0.599138 0.664421 0.677266 0.606084 0.642872 0.646523
0.602893 0.604144 0.540174 0.600458 0.598355 0.629041 0.616085 0.614963 0.563309 0.593894 0.605835 0.531701 0.578880 0.552661 0.553326 0.615191 0.598785 0.574104 0.537845 0.540177 0.592981 0.535156 0.614822 0.579469 0.618256 0.674652 0.586392 0.627732 0.512343 0.613005 0.603275 0.575949 0.602880 0.616415 0.571561 0.549021 0.573001 0.595671 0.568793 0.568104 0.554435 0.545376 0.593974 0.607978 0.594854 0.549670 0.652834 0.622031 0.646880 0.597316 0.534631 0.609438 0.637834 0.620048 0.589218 0.620605 0.510534 0.544898 0.560339 0.585133 0.606105 0.662177 0.534576 0.581377 0.609025 0.601065 0.660926 0.590638 0.623546 0.652195 0.633864 0.558900 0.630210 0.618953 0.565021 0.622857 0.645575 0.545957 0.595449 0.591243
0.681207 0.680404 0.607981 0.640785 0.680050 0.506109 0.481408 0.536054 0.650996 0.664573 0.685875 0.585751 0.591792 0.637312 0.648422 0.480223 0.646483 0.580315 0.619431 0.615117 0.644636 0.614822 0.483007 0.639374 0.488413 0.505181 0.682293 0.471819 0.575320 0.570931 0.687925 0.659183 0.490102 0.698463 0.640681 0.634747 0.672802 0.662841 0.627333 0.658310 0.665959 0.503522 0.676839 0.690433 0.637293 0.648578 0.524110 0.501201 0.491810 0.678245 0.647216 0.527333 0.483716 0.709773 0.575782 0.699434 0.562495 0.636616 0.637600 0.465861 0.688131 0.515492 0.611160 0.660418 0.484913 0.671027 0.496647 0.728107 0.424058 0.489210 0.472610 0.453447 0.467167 0.477900 0.671635 0.458046 0.482310 0.633356 0.637252 0.482190
0.640846 0.640492 0.592541 0.537591 0.649091 0.647712 0.644965 0.634636 0.619465 0.627612 0.642722 0.567119 0.609641 0.604806 0.612701 0.637686 0.522528 0.600999 0.590180 0.575871 0.632915 0.579469 0.639374 0.537607 0.635513 0.707217 0.629869 0.648185 0.548328 0.644604 0.644428 0.607408 0.625737 0.656895 0.608494 0.591814 0.625396 0.613706 0.603807 0.605894 0.622733 0.573034 0.630568 0.644465 0.509732 0.618623 0.671800 0.649141 0.680023 0.647950 0.619067 0.633260 0.645353 0.659844 0.572737 0.664751 0.543188 0.598259 0.612546 0.600637 0.635900 0.668993 0.588864 0.626434 0.637646 0.635078 0.686176 0.682543 0.635351 0.683004 0.666123 0.571893 0.646611 0.645451 0.612974 0.635972 0.669865 0.604393 0.519303 0.602889
0.665699 0.669031 0.603622 0.645148 0.669950 0.508498 0.484961 0.537742 0.646867 0.654229 0.673379 0.578075 0.593500 0.633746 0.643158 0.479830 0.641812 0.578348 0.616084 0.606389 0.638838 0.618256 0.488413 0.635513 0.481420 0.511340 0.674785 0.498342 0.573692 0.568432 0.680354 0.649163 0.462884 0.679136 0.626671 0.628347 0.664940 0.642457 0.625729 0.651423 0.658965 0.513136 0.664234 0.676851 0.631072 0.658135 0.527562 0.505407 0.516324 0.669476 0.644807 0.524588 0.499266 0.698066 0.564124 0.689412 0.563655 0.628342 0.642864 0.473383 0.674418 0.494350 0.607118 0.655933 0.489766 0.655020 0.453770 0.715199 0.467062 0.452341 0.482878 0.469989 0.453036 0.485270 0.656539 0.484401 0.490043 0.620535 0.630885 0.477235
0.749115 0.754370 0.663221 0.699250 0.742053 0.529692 0.503382 0.558494 0.703269 0.732132 0.755000 0.656358 0.642438 0.698220 0.712686 0.500511 0.702717 0.637644 0.665545 0.675420 0.700251 0.674652 0.505181 0.707217 0.511340     -nan 0.756880 0.520069 0.621052 0.599374 0.763991 0.716831 0.531525 0.762513 0.718022 0.700891 0.721240 0.724933 0.688267 0.724008 0.746192 0.536897 0.755621 0.754386 0.695049 0.721603 0.497809 0.518113 0.503844 0.727123 0.702973 0.545180 0.515622 0.780702 0.607937 0.760164 0.630857 0.705582 0.708667 0.489317 0.754422 0.524619 0.659911 0.718324 0.507550 0.728993 0.524713 0.804854 0.476528 0.516000 0.434383 0.489264 0.477054 0.509312 0.755469 0.519515 0.495613 0.688380 0.676384 0.537382
0.513239 0.515876 0.606976 0.653256 0.526705 0.683307 0.680400 0.683988 0.631061 0.534119 0.536545 0.502266 0.645567 0.608437 0.613596 0.670570 0.664527 0.630730 0.600849 0.609275 0.621617 0.586392 0.682293 0.629869 0.674785 0.756880     -nan 0.696263 0.543656 0.689651 0.460361 0.649220 0.627553 0.508284 0.485870 0.559700 0.653053 0.431925 0.629704 0.525437 0.631166 0.580139 0.584781 0.561081 0.642310 0.625299 0.722452 0.694389 0.713555 0.589228 0.645659 0.683783 0.687301 0.457373 0.641164 0.566145 0.553864 0.586273 0.657990 0.643361 0.556443 0.711999 0.603403 0.614153 0.658149 0.559892 0.711099 0.693639 0.712131 0.718322 0.691825 0.566126 0.686822 0.692311 0.538378 0.689139 0.714936 0.596040 0.666076 0.676618
0.693876 0.694853 0.619075 0.650647 0.693141 0.508006 0.484335 0.539842 0.660669 0.681810 0.701879 0.599072 0.607257 0.649027 0.660412 0.481518 0.656349 0.589505 0.624540 0.626680 0.650597 0.627732 0.471819 0.648185 0.498342 0.520069 0.696263 0.474676 0.590227 0.573919 0.703606 0.671212 0.504063 0.711443 0.662260 0.647199 0.679805 0.671875 0.635759 0.676242 0.676564 0.514015 0.689399 0.707016 0.643068 0.668518 0.526178 0.502709 0.509249 0.691064 0.653414 0.527651 0.489276 0.723017 0.581640 0.710821 0.572885 0.647930 0.653272 0.444246 0.701474 0.510922 0.621971 0.674166 0.486778 0.685327 0.506606 0.734565 0.452559 0.503585 0.469363 0.467096 0.467518 0.479008 0.678526 0.463581 0.472550 0.642689 0.642820 0.479050
0.543059 0.544116 0.519829 0.558527 0.556410 0.583392 0.584043 0.579285 0.532750 0.536811 0.545689 0.480771 0.532919 0.510632 0.518425 0.578183 0.564140 0.530666 0.517048 0.476770 0.531908 0.512343 0.575320 0.548328 0.573692 0.621052 0.543656 0.590227     -nan 0.606052 0.548934 0.533955 0.532861 0.565782 0.503899 0.518684 0.560669 0.529349 0.541855 0.533087 0.536632 0.506979 0.570340 0.555609 0.548873 0.518926 0.617588 0.591763 0.592383 0.546764 0.561848 0.566197 0.590293 0.575091 0.567879 0.553005 0.475687 0.500102 0.522108 0.534621 0.559114 0.611533 0.526557 0.540964 0.572663 0.529453 0.606498 0.591196 0.595688 0.626652 0.605945 0.500572 0.570408 0.585605 0.530898 0.572139 0.585202 0.519001 0.573610 0.569462
0.697189 0.693520 0.611736 0.655662 0.682890 0.582774 0.556266 0.563619 0.661967 0.680878 0.700620 0.594774 0.590168 0.652422 0.659769 0.538908 0.646577 0.582877 0.636104 0.613734 0.636088 0.613005 0.570931 0.644604 0.568432 0.599374 0.689651 0.573919 0.606052     -nan 0.686620 0.658218 0.568713 0.705163 0.660715 0.651702 0.672472 0.666442 0.626716 0.686598 0.675775 0.545436 0.698417 0.699575 0.644718 0.663864 0.611340 0.570932 0.573623 0.671045 0.663131 0.557279 0.567214 0.728279 0.594155 0.710934 0.560131 0.644912 0.645275 0.541665 0.709214 0.590620 0.628951 0.662944 0.570380 0.682780 0.596012 0.735761 0.549892 0.605184 0.578375 0.536968 0.556262 0.577665 0.685971 0.577945 0.575226 0.633805 0.644109 0.552131
0.538874 0.526805 0.624178 0.670347 0.547747 0.690125 0.684690 0.688519 0.634167 0.543118 0.547065 0.514928 0.654634 0.622620 0.630490 0.703054 0.679137 0.637092 0.618826 0.610786 0.622007 0.603275 0.687925 0.644428 0.680354 0.763991 0.460361 0.703606 0.548934 0.686620 0.572092 0.661058 0.642863 0.550943 0.502658 0.572727 0.686766 0.525201 0.646753 0.523717 0.640431 0.593613 0.620907 0.570126 0.651527 0.647951 0.732608 0.697588 0.702969 0.595692 0.659518 0.690912 0.702757 0.528720 0.648112 0.561683 0.566622 0.603750 0.638971 0.652068 0.553397 0.726375 0.602376 0.629232 0.667376 0.540484 0.724419 0.684402 0.707334 0.727035 0.708766 0.597936 0.707177 0.694821 0.542112 0.709952 0.724276 0.634809 0.666406 0.679693
0.650955 0.651721 0.587697 0.630466 0.657408 0.660044 0.657015 0.649236 0.612275 0.645444 0.657537 0.582327 0.609318 0.593499 0.601303 0.645816 0.639663 0.598163 0.592921 0.569382 0.627477 0.575949 0.659183 0.607408 0.649163 0.716831 0.649220 0.671212 0.533955 0.658218 0.661058 0.605102 0.637053 0.671579 0.616149 0.594778 0.625497 0.633195 0.576238 0.620264 0.629098 0.586244 0.643701 0.655255 0.625341 0.598353 0.692389 0.668986 0.685278 0.649164 0.609986 0.639343 0.673144 0.673559 0.626077 0.673557 0.543716 0.593053 0.622496 0.622146 0.655039 0.682758 0.581823 0.612896 0.650252 0.659260 0.702642 0.679974 0.666110 0.699024 0.682894 0.585014 0.664342 0.664627 0.630380 0.658173 0.662966 0.590361 0.617740 0.637234
0.633366 0.632406 0.593472 0.631201 0.637481 0.515372 0.478032 0.533286 0.633791 0.622525 0.637798 0.556941 0.569621 0.615211 0.621101 0.494278 0.628855 0.568057 0.590697 0.584757 0.626832 0.602880 0.490102 0.625737 0.462884 0.531525 0.627553 0.504063 0.532861 0.568713 0.642863 0.637053     -nan 0.652519 0.587642 0.600861 0.628970 0.615267 0.609483 0.609831 0.643958 0.495260 0.640994 0.643540 0.629398 0.637430 0.546187 0.504737 0.502429 0.630083 0.629771 0.528357 0.492058 0.668388 0.564680 0.659420 0.547372 0.609077 0.640134 0.472067 0.641590 0.524616 0.599735 0.638540 0.500037 0.614053 0.269169 0.689882 0.474845 0.457770 0.494411 0.477403 0.485843 0.508240 0.617930 0.478890 0.510217 0.592408 0.643164 0.483941
0.540840 0.542856 0.635896 0.684497 0.546944 0.696794 0.690551 0.699082 0.649513 0.537570 0.542385 0.524422 0.669637 0.632537 0.643467 0.696379 0.692126 0.648125 0.627328 0.618432 0.617168 0.616415 0.698463 0.656895 0.679136 0.762513 0.508284 0.711443 0.565782 0.705163 0.550943 0.671579 0.652519 0.552452 0.524700 0.586565 0.681651 0.503520 0.656480 0.550105 0.656156 0.602647 0.620429 0.570389 0.666219 0.665480 0.735705 0.701059 0.716646 0.605374 0.670122 0.693393 0.723323 0.555496 0.668205 0.577162 0.571398 0.618184 0.659082 0.651561 0.549102 0.731757 0.610316 0.646985 0.678756 0.572918 0.730248 0.705567 0.716991 0.735965 0.716278 0.602907 0.705412 0.705665 0.554271 0.703257 0.719174 0.649487 0.686262 0.682905
0.486867 0.488695 0.581658 0.629754 0.533761 0.647277 0.644314 0.643095 0.594944 0.514001 0.514043 0.482494 0.626358 0.572485 0.585601 0.648413 0.639447 0.594179 0.583906 0.542563 0.556738 0.571561 0.640681 0.608494 0.626671 0.718022 0.485870 0.662260 0.503899 0.660715 0.502658 0.616149 0.587642 0.524700 0.468317 0.534711 0.640454 0.492457 0.599805 0.502593 0.601776 0.552299 0.556630 0.529928 0.617277 0.593613 0.683001 0.647905 0.655244 0.565788 0.604595 0.640119 0.652521 0.516356 0.617316 0.537621 0.525507 0.564672 0.587790 0.601699 0.520616 0.678541 0.569388 0.583931 0.628103 0.500574 0.680249 0.649945 0.656826 0.680917 0.664407 0.561378 0.653402 0.653996 0.505381 0.647009 0.664169 0.594569 0.640981 0.632320
0.566468 0.567153 0.570704 0.614798 0.572360 0.648233 0.636147 0.633186 0.577505 0.564138 0.568828 0.495905 0.603911 0.556259 0.571616 0.653768 0.620920 0.587618 0.563482 0.535330 0.586814 0.549021 0.634747 0.591814 0.628347 0.700891 0.559700 0.647199 0.518684 0.651702 0.572727 0.594778 0.600861 0.586565 0.534711 0.538140 0.607403 0.560471 0.588839 0.529283 0.568705 0.562121 0.570220 0.569969 0.611117 0.579606 0.680616 0.640755 0.654504 0.584066 0.579330 0.632046 0.645897 0.581890 0.597820 0.588207 0.525344 0.547625 0.578566 0.591538 0.567158 0.680597 0.549088 0.578804 0.622308 0.564146 0.676698 0.600367 0.636150 0.679464 0.659431 0.565374 0.644395 0.639447 0.548754 0.656670 0.658893 0.562745 0.610295 0.620857
0.668203 0.671813 0.605261 0.647715 0.680124 0.666896 0.670558 0.661186 0.626049 0.652834 0.667972 0.599081 0.612314 0.608590 0.605041 0.674437 0.651541 0.612955 0.602351 0.534635 0.655292 0.573001 0.672802 0.625396 0.664940 0.721240 0.653053 0.679805 0.560669 0.672472 0.686766 0.625497 0.628970 0.681651 0.640454 0.607403     -nan 0.650271 0.603196 0.644289 0.628714 0.605622 0.660968 0.678866 0.636449 0.607935 0.709249 0.668105 0.717179 0.656258 0.629396 0.666179 0.675389 0.673804 0.652285 0.672880 0.560075 0.602571 0.636778 0.629257 0.671250 0.698570 0.592812 0.614758 0.644871 0.650669 0.707836 0.685229 0.675860 0.703325 0.684735 0.616414 0.674280 0.668873 0.623085 0.678368 0.690778 0.589887 0.632467 0.639210
0.514446 0.513997 0.606535 0.655492 0.536359 0.661268 0.652562 0.659630 0.619118 0.526170 0.529962 0.494702 0.639368 0.599677 0.612651 0.663694 0.659255 0.615593 0.604006 0.580042 0.580270 0.595671 0.662841 0.613706 0.642457 0.724933 0.431925 0.671875 0.529349 0.666442 0.525201 0.633195 0.615267 0.503520 0.492457 0.560471 0.650271 0.531740 0.620299 0.530113 0.612433 0.581344 0.596839 0.551380 0.636119 0.625920 0.700738 0.663845 0.678008 0.586854 0.635846 0.654741 0.674147 0.511579 0.626408 0.560398 0.537830 0.587666 0.621451 0.618837 0.534335 0.695277 0.576884 0.614855 0.641603 0.552257 0.689077 0.678078 0.669406 0.703866 0.672446 0.568438 0.668065 0.673709 0.538763 0.669108 0.680052 0.626690 0.645656 0.646169
0.639849 0.640372 0.571084 0.627493 0.646152 0.634175 0.630667 0.619147 0.611315 0.633620 0.645086 0.567843 0.584434 0.588657 0.592486 0.631036 0.636252 0.571263 0.578985 0.552845 0.612291 0.568793 0.627333 0.603807 0.625729 0.688267 0.629704 0.635759 0.541855 0.626716 0.646753 0.576238 0.609483 0.656480 0.599805 0.588839 0.603196 0.620299 0.568186 0.613735 0.611493 0.556617 0.626872 0.643469 0.623328 0.593600 0.667876 0.633350 0.654142 0.627355 0.601088 0.622531 0.634882 0.658883 0.598131 0.661277 0.531410 0.586672 0.611793 0.588664 0.645836 0.651986 0.586575 0.605979 0.621230 0.624430 0.681651 0.668480 0.632157 0.676705 0.640809 0.563885 0.633203 0.625134 0.617188 0.636530 0.651878 0.567664 0.619486 0.614295
0.530138 0.526658 0.596482 0.647767 0.514386 0.658977 0.664090 0.665125 0.595353 0.513328 0.513886 0.483957 0.625459 0.584755 0.595487 0.652184 0.637631 0.611624 0.596002 0.558066 0.578895 0.568104 0.658310 0.605894 0.651423 0.724008 0.525437 0.676242 0.533087 0.686598 0.523717 0.620264 0.609831 0.550105 0.502593 0.529283 0.644289 0.530113 0.613735     -nan 0.598519 0.594322 0.553658 0.519520 0.648271 0.610584 0.704583 0.662145 0.684347 0.587801 0.611195 0.654197 0.682375 0.532067 0.644873 0.558059 0.559032 0.572006 0.618971 0.614901 0.508506 0.693464 0.579214 0.598067 0.643321 0.527953 0.692192 0.636526 0.673668 0.701158 0.681477 0.572632 0.665413 0.671707 0.504724 0.644536 0.674994 0.570129 0.652170 0.638941
0.636944 0.638145 0.585656 0.648012 0.624267 0.679094 0.677010 0.664265 0.592829 0.626268 0.636252 0.560344 0.646117 0.570172 0.577783 0.683703 0.654149 0.623321 0.570758 0.546458 0.622051 0.554435 0.665959 0.622733 0.658965 0.746192 0.631166 0.676564 0.536632 0.675775 0.640431 0.629098 0.643958 0.656156 0.601776 0.568705 0.628714 0.612433 0.611493 0.598519     -nan 0.606615 0.642108 0.639655 0.654144 0.583818 0.722126 0.673254 0.720771 0.626442 0.577402 0.671792 0.676347 0.650783 0.633180 0.646727 0.564319 0.576087 0.638853 0.637399 0.646814 0.708652 0.580469 0.588083 0.654238 0.631917 0.723333 0.630274 0.686715 0.713340 0.696058 0.609088 0.676306 0.667923 0.606139 0.691792 0.705686 0.601471 0.640839 0.640576
0.587746 0.583079 0.541549 0.583293 0.587436 0.524044 0.504982 0.513527 0.578129 0.582242 0.593235 0.512221 0.531360 0.562707 0.568561 0.501529 0.579254 0.517919 0.535276 0.542474 0.555428 0.545376 0.503522 0.573034 0.513136 0.536897 0.580139 0.514015 0.506979 0.545436 0.593613 0.586244 0.495260 0.602647 0.552299 0.562121 0.605622 0.581344 0.556617 0.594322 0.606615     -nan 0.595558 0.601617 0.582509 0.571553 0.553421 0.510454 0.528686 0.597325 0.581522 0.500843 0.532882 0.624983 0.557773 0.605375 0.501357 0.562652 0.563798 0.481136 0.589717 0.545520 0.528619 0.589638 0.520375 0.591710 0.549803 0.630193 0.500231 0.553246 0.511299 0.449249 0.523721 0.497437 0.576753 0.499723 0.514404 0.547754 0.576286 0.489262
0.602342 0.599554 0.610517 0.656878 0.598565 0.671065 0.673405 0.673981 0.627987 0.585792 0.596465 0.557663 0.633680 0.608858 0.619965 0.685221 0.651128 0.621285 0.612900 0.590057 0.587198 0.593974 0.676839 0.630568 0.664234 0.755621 0.584781 0.689399 0.570340 0.698417 0.620907 0.643701 0.640994 0.620429 0.556630 0.570220 0.660968 0.596839 0.626872 0.553658 0.642108 0.595558     -nan 0.602152 0.637380 0.628877 0.715103 0.673227 0.691517 0.634198 0.632405 0.675243 0.672611 0.610692 0.647166 0.626492 0.568898 0.609913 0.636293 0.629762 0.597581 0.691904 0.592842 0.638634 0.650913 0.607810 0.723778 0.704650 0.677336 0.694179 0.661189 0.585464 0.690598 0.677139 0.584278 0.675884 0.692135 0.618041 0.649690 0.658664
0.559844 0.560305 0.627722 0.677046 0.567708 0.692049 0.685633 0.696672 0.633288 0.544421 0.548474 0.505878 0.658948 0.618296 0.631570 0.689963 0.672754 0.640784 0.617327 0.588102 0.598957 0.607978 0.690433 0.644465 0.676851 0.754386 0.561081 0.707016 0.555609 0.699575 0.570126 0.655255 0.643540 0.570389 0.529928 0.569969 0.678866 0.551380 0.643469 0.519520 0.639655 0.601617 0.602152 0.535400 0.661253 0.640511 0.727208 0.692322 0.717507 0.616205 0.642878 0.691503 0.703662 0.585170 0.657570 0.585354 0.566993 0.605403 0.639532 0.650641 0.553641 0.727301 0.616194 0.632563 0.672767 0.569098 0.722853 0.673746 0.695519 0.724124 0.712899 0.604579 0.708043 0.700627 0.559347 0.699991 0.710699 0.626989 0.667439 0.690086
0.656010 0.655624 0.601256 0.542777 0.657797 0.646001 0.645694 0.638372 0.630905 0.646070 0.661319 0.580186 0.618236 0.613058 0.623761 0.627293 0.548431 0.606354 0.599996 0.586150 0.638193 0.594854 0.637293 0.509732 0.631072 0.695049 0.642310 0.643068 0.548873 0.644718 0.651527 0.625341 0.629398 0.666219 0.617277 0.611117 0.636449 0.636119 0.623328 0.648271 0.654144 0.582509 0.637380 0.661253 0.543037 0.625276 0.673739 0.652029 0.662643 0.656496 0.620685 0.634711 0.647833 0.679291 0.588316 0.673444 0.552400 0.602518 0.627886 0.603264 0.651664 0.657638 0.605822 0.633939 0.629292 0.646709 0.684251 0.682907 0.622085 0.671405 0.661729 0.568619 0.637464 0.642911 0.634657 0.637819 0.649744 0.619521 0.511905 0.610338
0.643608 0.642562 0.557427 0.623954 0.627012 0.661664 0.655500 0.649874 0.596848 0.633931 0.642977 0.573622 0.594579 0.571240 0.578155 0.662493 0.635197 0.594311 0.569405 0.522628 0.609356 0.549670 0.648578 0.618623 0.658135 0.721603 0.625299 0.668518 0.518926 0.663864 0.647951 0.598353 0.637430 0.665480 0.593613 0.579606 0.607935 0.625920 0.593600 0.610584 0.583818 0.571553 0.628877 0.640511 0.625276 0.566291 0.698516 0.655730 0.680250 0.633400 0.573121 0.635770 0.655335 0.658794 0.625344 0.659239 0.543756 0.568822 0.538007 0.618791 0.641435 0.682590 0.567563 0.597504 0.640279 0.641732 0.713993 0.623986 0.660278 0.681687 0.653837 0.596483 0.661567 0.652812 0.612780 0.648865 0.671639 0.565259 0.630863 0.631895
0.719685 0.721869 0.645278 0.687443 0.724213 0.532841 0.511592 0.557306 0.693124 0.705141 0.724209 0.634602 0.629979 0.681143 0.687825 0.506567 0.692358 0.618742 0.658273 0.659921 0.680238 0.652834 0.524110 0.671800 0.527562 0.497809 0.722452 0.526178 0.617588 0.611340 0.732608 0.692389 0.546187 0.735705 0.683001 0.680616 0.709249 0.700738 0.667876 0.704583 0.722126 0.553421 0.715103 0.727208 0.673739 0.698516 0.510446 0.522604 0.536039 0.718900 0.699447 0.537939 0.536396 0.744333 0.603260 0.736177 0.594087 0.673645 0.676070 0.501772 0.741202 0.523925 0.660717 0.709124 0.518715 0.716267 0.554360 0.768253 0.490615 0.554083 0.483193 0.518941 0.513317 0.498278 0.712864 0.515040 0.492315 0.677569 0.674032 0.525573
0.682563 0.683497 0.613039 0.660219 0.680764 0.507476 0.462308 0.537907 0.655867 0.672400 0.687406 0.587115 0.591886 0.645391 0.655429 0.500963 0.659349 0.584850 0.625505 0.617203 0.644951 0.622031 0.501201 0.649141 0.505407 0.518113 0.694389 0.502709 0.591763 0.570932 0.697588 0.668986 0.504737 0.701059 0.647905 0.640755 0.668105 0.663845 0.633350 0.662145 0.673254 0.510454 0.673227 0.692322 0.652029 0.655730 0.522604 0.522517 0.507754 0.682629 0.654841 0.519805 0.522648 0.710057 0.589922 0.705174 0.569194 0.648796 0.647110 0.479595 0.688039 0.528656 0.626430 0.669245 0.481266 0.674972 0.527183 0.745817 0.473524 0.504242 0.483012 0.475998 0.492722 0.493442 0.678145 0.490810 0.481113 0.629039 0.650455 0.489367
0.697307 0.695022 0.634994 0.683149 0.694416 0.492970 0.489322 0.546257 0.672545 0.682875 0.704309 0.609058 0.611238 0.659221 0.673398 0.486864 0.673044 0.600234 0.655148 0.639251 0.653922 0.646880 0.491810 0.680023 0.516324 0.503844 0.713555 0.509249 0.592383 0.573623 0.702969 0.685278 0.502429 0.716646 0.655244 0.654504 0.717179 0.678008 0.654142 0.684347 0.720771 0.528686 0.691517 0.717507 0.662643 0.680250 0.536039 0.507754     -nan 0.706936 0.677847 0.534108 0.512215 0.727823 0.566580 0.722558 0.584172 0.650415 0.680748 0.501502 0.697683 0.531108 0.634873 0.685922 0.487772 0.673201 0.513412 0.762676 0.460489 0.487659 0.454473 0.488415 0.497800 0.468496 0.688009 0.509391 0.512863 0.658943 0.668965 0.465366
0.596854 0.585005 0.613023 0.666166 0.597579 0.689448 0.678793 0.673394 0.630816 0.593325 0.602655 0.554446 0.639846 0.609192 0.603395 0.667649 0.669220 0.623658 0.610052 0.583249 0.636164 0.597316 0.678245 0.647950 0.669476 0.727123 0.589228 0.691064 0.546764 0.671045 0.595692 0.649164 0.630083 0.605374 0.565788 0.584066 0.656258 0.586854 0.627355 0.587801 0.626442 0.597325 0.634198 0.616205 0.656496 0.633400 0.718900 0.682629 0.706936 0.680404 0.626362 0.670436 0.693588 0.623251 0.661207 0.627700 0.560116 0.588597 0.626075 0.651296 0.617534 0.730591 0.615055 0.627236 0.673290 0.592885 0.715384 0.670737 0.690457 0.711177 0.694264 0.600676 0.682783 0.686069 0.591055 0.684068 0.695598 0.604105 0.688627 0.668813
0.646078 0.651977 0.563222 0.623955 0.665776 0.663687 0.653675 0.645081 0.597549 0.639740 0.653258 0.565099 0.609944 0.587407 0.578763 0.656579 0.623341 0.608285 0.575025 0.520818 0.625862 0.534631 0.647216 0.619067 0.644807 0.702973 0.645659 0.653414 0.561848 0.663131 0.659518 0.609986 0.629771 0.670122 0.604595 0.579330 0.629396 0.635846 0.601088 0.611195 0.577402 0.581522 0.632405 0.642878 0.620685 0.573121 0.699447 0.654841 0.677847 0.626362     -nan 0.650817 0.645237 0.661497 0.619951 0.665273 0.574127 0.567667 0.558573 0.614523 0.638709 0.683458 0.569784 0.608182 0.629427 0.644867 0.682988 0.641261 0.647626 0.676232 0.660047 0.592657 0.652843 0.646146 0.617537 0.664294 0.665615 0.568960 0.646064 0.646655
0.675292 0.676890 0.595258 0.648850 0.677464 0.536269 0.519215 0.499520 0.643994 0.661744 0.681275 0.584614 0.567059 0.630398 0.641084 0.507018 0.645663 0.562256 0.612661 0.602878 0.618109 0.609438 0.527333 0.633260 0.524588 0.545180 0.683783 0.527651 0.566197 0.557279 0.690912 0.639343 0.528357 0.693393 0.640119 0.632046 0.666179 0.654741 0.622531 0.654197 0.671792 0.500843 0.675243 0.691503 0.634711 0.635770 0.537939 0.519805 0.534108 0.670436 0.650817 0.488515 0.524092 0.697831 0.577944 0.699651 0.548362 0.625481 0.630821 0.493904 0.684097 0.529180 0.597175 0.656796 0.512506 0.663099 0.556743 0.706876 0.512978 0.564341 0.502856 0.498746 0.507779 0.508762 0.662109 0.526520 0.499354 0.620179 0.641466 0.517236
0.696883 0.700621 0.615390 0.653620 0.700457 0.522433 0.491429 0.532001 0.660391 0.684974 0.708244 0.594643 0.607207 0.648725 0.660447 0.460451 0.661697 0.590453 0.645272 0.626576 0.652288 0.637834 0.483716 0.645353 0.499266 0.515622 0.687301 0.489276 0.590293 0.567214 0.702757 0.673144 0.492058 0.723323 0.652521 0.645897 0.675389 0.674147 0.634882 0.682375 0.676347 0.532882 0.672611 0.703662 0.647833 0.655335 0.536396 0.522648 0.512215 0.693588 0.645237 0.524092     -nan 0.716027 0.555296 0.705019 0.563777 0.649072 0.632015 0.427640 0.699328 0.497181 0.631374 0.668713 0.492755 0.686614 0.503247 0.725031 0.468098 0.515365 0.508896 0.500499 0.469096 0.464821 0.693041 0.480773 0.506471 0.644005 0.647311 0.511949
0.545533 0.533810 0.641520 0.695227 0.573691 0.706883 0.706330 0.705351 0.658194 0.556358 0.555015 0.527611 0.680964 0.633332 0.640875 0.701466 0.695859 0.654049 0.632505 0.617718 0.624060 0.620048 0.709773 0.659844 0.698066 0.780702 0.457373 0.723017 0.575091 0.728279 0.528720 0.673559 0.668388 0.555496 0.516356 0.581890 0.673804 0.511579 0.658883 0.532067 0.650783 0.624983 0.610692 0.585170 0.679291 0.658794 0.744333 0.710057 0.727823 0.623251 0.661497 0.697831 0.716027 0.566835 0.669339 0.588022 0.591106 0.617381 0.653898 0.667039 0.534880 0.747130 0.616807 0.652346 0.685480 0.552436 0.745341 0.704391 0.708909 0.732596 0.720030 0.607258 0.719138 0.718194 0.545513 0.722021 0.732688 0.641178 0.700162 0.702432
0.640346 0.639245 0.582649 0.604629 0.654701 0.578319 0.565175 0.581722 0.619280 0.637551 0.653033 0.580019 0.602936 0.606165 0.619575 0.561695 0.606300 0.585090 0.604706 0.578646 0.609570 0.589218 0.575782 0.572737 0.564124 0.607937 0.641164 0.581640 0.567879 0.594155 0.648112 0.626077 0.564680 0.668205 0.617316 0.597820 0.652285 0.626408 0.598131 0.644873 0.633180 0.557773 0.647166 0.657570 0.588316 0.625344 0.603260 0.589922 0.566580 0.661207 0.619951 0.577944 0.555296 0.669339     -nan 0.658377 0.543444 0.604137 0.620033 0.531886 0.639996 0.568407 0.587680 0.632095 0.555872 0.649320 0.613319 0.690512 0.541701 0.614512 0.574080 0.529861 0.578911 0.566352 0.640034 0.575439 0.596962 0.600071 0.586082 0.557065
