0.508992 0.515067 0.618073 0.656070 0.530012 0.685149 0.668712 0.667862 0.608412 0.522489 0.529587 0.516156 0.630489 0.604945 0.611380 0.670165 0.658940 0.631087 0.613216 0.577999 0.584165 0.608543 0.674630 0.654768 0.680107 0.696113 0.516213 0.673610 0.574034 0.676963 0.545256 0.634775 0.705811 0.525948 0.515072 0.575509 0.632570 0.516848 0.625407 0.524068 0.616016 0.620918 0.602508 0.548490 0.655977 0.611760 0.704632 0.686250 0.686192 0.625536 0.612544 0.666006 0.673978 0.513120 0.666203 0.544339 0.623572 0.607981 0.614110 0.663498 0.516367 0.678683 0.596379 0.605466 0.668176 0.548909 0.705178 0.643321 0.672288 0.688653 0.668114 0.672008 0.674733 0.663963 0.547916 0.659305 0.673289 0.613837 0.656357 0.671137
0.515067 0.508992 0.623732 0.661724 0.535683 0.690807 0.674370 0.673521 0.614076 0.528232 0.535298 0.521849 0.636148 0.610611 0.617044 0.675823 0.664593 0.636746 0.618877 0.583663 0.589791 0.614201 0.680287 0.660421 0.685764 0.701771 0.521326 0.679268 0.579698 0.682621 0.550985 0.640437 0.711469 0.531026 0.520349 0.581192 0.638229 0.522050 0.631066 0.529704 0.621671 0.626577 0.608128 0.554194 0.661631 0.617418 0.710290 0.691908 0.691850 0.631202 0.618201 0.671664 0.679636 0.515930 0.671859 0.550077 0.629231 0.613648 0.619768 0.669156 0.522230 0.684341 0.602051 0.611133 0.673834 0.554616 0.710836 0.648989 0.677946 0.694310 0.673772 0.677666 0.680391 0.669621 0.553618 0.664962 0.678947 0.619495 0.662011 0.676794
0.618073 0.623732 0.554153 0.612640 0.622987 0.632794 0.616383 0.615047 0.575393 0.613598 0.621530 0.589107 0.576488 0.575704 0.577170 0.617871 0.615443 0.577023 0.571123 0.542331 0.608070 0.564735 0.622325 0.611408 0.627858 0.643734 0.618389 0.621306 0.536883 0.623759 0.627667 0.588445 0.653566 0.628197 0.619272 0.586475 0.577428 0.618379 0.570894 0.603667 0.578035 0.567432 0.611764 0.626861 0.612589 0.564506 0.652269 0.633917 0.633821 0.594077 0.567575 0.613194 0.621673 0.621848 0.617314 0.629524 0.569650 0.581069 0.564976 0.611193 0.617282 0.626393 0.581573 0.579226 0.615892 0.622741 0.652932 0.618050 0.619984 0.636404 0.615757 0.619703 0.622428 0.611611 0.605274 0.606984 0.620995 0.566298 0.612943 0.618846
0.656070 0.661724 0.612640 0.525897 0.661119 0.649405 0.632719 0.636655 0.619305 0.651746 0.659670 0.627018 0.611907 0.619677 0.621553 0.633819 0.531329 0.612282 0.615289 0.587064 0.641943 0.608008 0.638396 0.528891 0.643315 0.660604 0.656231 0.637377 0.581567 0.649459 0.665878 0.635186 0.668999 0.666042 0.657168 0.628147 0.627469 0.656237 0.619078 0.641581 0.619463 0.596287 0.643589 0.665025 0.529679 0.608768 0.668979 0.650294 0.650600 0.638450 0.605593 0.634759 0.637745 0.659846 0.596807 0.667729 0.604324 0.624997 0.609942 0.627267 0.655345 0.642293 0.624651 0.622894 0.631726 0.661012 0.668366 0.661881 0.636053 0.651868 0.632401 0.635775 0.638500 0.628193 0.644299 0.623230 0.636946 0.611768 0.529551 0.634757
0.530012 0.535683 0.622987 0.661119 0.508973 0.690077 0.673641 0.672784 0.613152 0.519407 0.518983 0.520216 0.635392 0.609626 0.616122 0.675094 0.663987 0.635991 0.618082 0.582733 0.590083 0.613456 0.679558 0.659818 0.685036 0.701041 0.534347 0.678539 0.578781 0.681880 0.548299 0.639593 0.710741 0.544100 0.533970 0.579671 0.637457 0.534473 0.630288 0.529967 0.621051 0.625831 0.608580 0.552349 0.661026 0.616693 0.709560 0.691179 0.691120 0.630231 0.617515 0.670927 0.678907 0.533531 0.671179 0.545796 0.628476 0.612627 0.619045 0.668427 0.527077 0.683612 0.600876 0.610115 0.673105 0.552455 0.710108 0.647946 0.677217 0.693582 0.673043 0.676937 0.679662 0.668891 0.551498 0.664233 0.678218 0.618755 0.661406 0.676066
0.685149 0.690807 0.632794 0.649405 0.690077 0.494485 0.492337 0.542065 0.643680 0.680690 0.688621 0.656177 0.590937 0.643302 0.645070 0.497976 0.652265 0.592416 0.640778 0.606830 0.674742 0.634680 0.501717 0.648390 0.509572 0.522235 0.685448 0.500697 0.599869 0.582082 0.694765 0.649507 0.535321 0.695255 0.686337 0.653884 0.641824 0.685439 0.628953 0.670736 0.647610 0.544412 0.678097 0.693956 0.649294 0.635181 0.529846 0.509350 0.502424 0.660403 0.636422 0.539833 0.501067 0.688924 0.587023 0.696621 0.579062 0.648268 0.636042 0.490572 0.684365 0.507290 0.649164 0.647044 0.498689 0.689847 0.534685 0.685238 0.499390 0.518092 0.489164 0.499092 0.501821 0.476871 0.672455 0.484449 0.501433 0.637148 0.650008 0.499135
0.668712 0.674370 0.616383 0.632719 0.673641 0.492337 0.411269 0.526193 0.627257 0.664254 0.672184 0.639741 0.574661 0.626881 0.628650 0.476963 0.635580 0.576131 0.624351 0.590422 0.658294 0.618250 0.479865 0.631704 0.489119 0.504219 0.669011 0.478843 0.583465 0.566028 0.678329 0.633115 0.514861 0.678818 0.669900 0.637457 0.625432 0.669002 0.612575 0.654299 0.631175 0.528289 0.661644 0.677519 0.632606 0.618752 0.511294 0.479105 0.495825 0.643987 0.619978 0.523957 0.479216 0.672487 0.569528 0.680185 0.562809 0.631848 0.619613 0.468714 0.667928 0.487383 0.632741 0.630622 0.479780 0.673411 0.514225 0.668818 0.477548 0.497631 0.473542 0.477239 0.479970 0.471862 0.656021 0.457685 0.481277 0.620721 0.633324 0.478277
0.667862 0.673521 0.615047 0.636655 0.672784 0.542065 0.526193 0.499041 0.626145 0.663396 0.671327 0.638896 0.570626 0.625723 0.627486 0.528506 0.639488 0.572340 0.623310 0.589031 0.657655 0.617275 0.532685 0.635625 0.539351 0.552063 0.668169 0.531666 0.581986 0.557828 0.677469 0.631397 0.565092 0.677976 0.669055 0.636418 0.623723 0.668159 0.610588 0.653455 0.630285 0.521160 0.661100 0.676661 0.636570 0.617766 0.561062 0.543640 0.542780 0.642728 0.619242 0.504473 0.532034 0.671638 0.587654 0.679325 0.558187 0.630668 0.618615 0.521548 0.667075 0.537183 0.631633 0.629494 0.526925 0.672548 0.564457 0.667643 0.530350 0.547883 0.524874 0.530062 0.532789 0.520977 0.655119 0.516974 0.531670 0.619678 0.637216 0.529556
0.608412 0.614076 0.575393 0.619305 0.613152 0.643680 0.627257 0.626145 0.550811 0.603741 0.611682 0.579577 0.588064 0.557874 0.562425 0.628729 0.622132 0.588692 0.567059 0.532481 0.603988 0.564658 0.633188 0.618045 0.638695 0.654631 0.608925 0.632169 0.528671 0.635042 0.617728 0.590536 0.664401 0.618728 0.609740 0.571660 0.589366 0.608894 0.582234 0.594120 0.580122 0.578845 0.609461 0.616992 0.619241 0.569433 0.663159 0.644793 0.644715 0.580635 0.571909 0.624290 0.632536 0.612186 0.626596 0.619590 0.581176 0.564941 0.571949 0.622056 0.607536 0.637249 0.564099 0.559568 0.626746 0.612740 0.663768 0.601978 0.630847 0.647241 0.626644 0.630566 0.633292 0.622496 0.594253 0.617854 0.631853 0.570793 0.619594 0.629703
0.522489 0.528232 0.613598 0.651746 0.519407 0.680690 0.664254 0.663396 0.603741 0.508973 0.517373 0.510747 0.626002 0.600209 0.606713 0.665707 0.654614 0.626601 0.608687 0.573322 0.580816 0.604067 0.670171 0.650445 0.675649 0.691653 0.526493 0.669152 0.569372 0.672491 0.538689 0.630192 0.701354 0.536248 0.526204 0.570190 0.628065 0.526557 0.620895 0.520743 0.611681 0.616442 0.599334 0.542852 0.651654 0.607307 0.700173 0.681792 0.681733 0.620816 0.608133 0.661540 0.669520 0.526183 0.661798 0.535971 0.619087 0.603206 0.609659 0.659040 0.519220 0.674225 0.591435 0.600693 0.663718 0.542905 0.700721 0.638521 0.667830 0.684195 0.663655 0.667550 0.670275 0.659504 0.541942 0.654846 0.668831 0.609367 0.652033 0.666679
0.529587 0.535298 0.621530 0.659670 0.518983 0.688621 0.672184 0.671327 0.611682 0.517373 0.508973 0.518712 0.633934 0.608153 0.614653 0.673638 0.662539 0.634533 0.616621 0.581264 0.588693 0.611999 0.678102 0.658369 0.683580 0.699584 0.533740 0.677083 0.577313 0.680423 0.546719 0.638129 0.709285 0.543494 0.533411 0.578162 0.635998 0.533832 0.628828 0.528595 0.619604 0.624373 0.607202 0.550830 0.659578 0.615237 0.708104 0.689722 0.689663 0.628759 0.616061 0.669471 0.677451 0.533203 0.669726 0.544097 0.627019 0.611152 0.617589 0.666970 0.526466 0.682156 0.599390 0.608639 0.671649 0.550907 0.708651 0.646468 0.675761 0.692126 0.671586 0.675481 0.678206 0.667435 0.549948 0.662777 0.676762 0.617298 0.659958 0.674609
0.516156 0.521849 0.589107 0.627018 0.520216 0.656177 0.639741 0.638896 0.579577 0.510747 0.518712 0.464468 0.601535 0.576146 0.582535 0.641193 0.629888 0.602130 0.584294 0.549157 0.552797 0.579559 0.645658 0.625716 0.651134 0.667142 0.517702 0.644639 0.545187 0.647999 0.524001 0.605880 0.676839 0.527476 0.518136 0.547076 0.603616 0.517421 0.596462 0.498153 0.587002 0.591956 0.573055 0.520460 0.626925 0.582767 0.675661 0.657279 0.657221 0.596721 0.583531 0.637039 0.645006 0.519930 0.637201 0.526527 0.594620 0.579206 0.585121 0.634526 0.514912 0.649711 0.567723 0.576702 0.639204 0.518268 0.676205 0.614579 0.643317 0.659680 0.639143 0.643036 0.645761 0.634992 0.519688 0.630333 0.644317 0.584865 0.627305 0.642165
0.630489 0.636148 0.576488 0.611907 0.635392 0.590937 0.574661 0.570626 0.588064 0.626002 0.633934 0.601535 0.488920 0.587494 0.589252 0.576343 0.614687 0.528954 0.585465 0.550042 0.620862 0.579632 0.580733 0.610814 0.586568 0.601743 0.630817 0.579714 0.542687 0.577806 0.640066 0.591481 0.612285 0.640624 0.631696 0.598522 0.583936 0.630805 0.569902 0.616093 0.592861 0.519664 0.624563 0.639266 0.611873 0.580110 0.610357 0.592175 0.591881 0.604180 0.582227 0.568805 0.580082 0.634264 0.593309 0.641923 0.507843 0.592366 0.580941 0.569600 0.629693 0.584891 0.593547 0.591358 0.574425 0.635138 0.611651 0.629354 0.578393 0.595109 0.573880 0.578111 0.580837 0.569769 0.617601 0.565306 0.579465 0.581855 0.612350 0.577337
0.604945 0.610611 0.575704 0.619677 0.609626 0.643302 0.626881 0.625723 0.557874 0.600209 0.608153 0.576146 0.587494 0.546305 0.559434 0.628356 0.622503 0.588144 0.568431 0.526965 0.602414 0.566376 0.632814 0.618419 0.638327 0.654250 0.605525 0.631795 0.523543 0.634586 0.614168 0.587689 0.664033 0.615327 0.606317 0.566448 0.588848 0.605487 0.581392 0.590686 0.580951 0.578361 0.608458 0.613454 0.619613 0.570447 0.662779 0.644417 0.644335 0.573846 0.572895 0.623868 0.632162 0.608719 0.626531 0.616032 0.580608 0.556806 0.572844 0.621682 0.604041 0.636877 0.558873 0.556267 0.626374 0.609160 0.663399 0.594139 0.630473 0.646872 0.626265 0.630192 0.632917 0.622118 0.590341 0.617478 0.631480 0.571720 0.619969 0.629330
0.611380 0.617044 0.577170 0.621553 0.616122 0.645070 0.628650 0.627486 0.562425 0.606713 0.614653 0.582535 0.589252 0.559434 0.553977 0.630125 0.624377 0.589897 0.569275 0.530581 0.606867 0.568234 0.634583 0.620296 0.640096 0.656019 0.611889 0.633564 0.526957 0.636346 0.620701 0.590178 0.665802 0.621693 0.612706 0.574716 0.590354 0.611858 0.583149 0.597080 0.582953 0.580117 0.612295 0.619962 0.621490 0.571984 0.664547 0.646185 0.646103 0.579383 0.574572 0.625632 0.633931 0.615154 0.628337 0.622563 0.582368 0.565498 0.574389 0.623451 0.610505 0.638646 0.567823 0.565008 0.628143 0.615714 0.665169 0.602744 0.632242 0.648642 0.628034 0.631961 0.634686 0.623886 0.597251 0.619247 0.633249 0.573051 0.621845 0.631099
0.670165 0.675823 0.617871 0.633819 0.675094 0.497976 0.476963 0.528506 0.628729 0.665707 0.673638 0.641193 0.576343 0.628356 0.630125 0.463417 0.636682 0.577801 0.625818 0.591914 0.659732 0.619712 0.476295 0.632805 0.483221 0.509806 0.670463 0.475279 0.584964 0.568027 0.679783 0.634631 0.508896 0.680271 0.671352 0.638924 0.626947 0.670455 0.614111 0.655752 0.632631 0.530190 0.663075 0.678973 0.633703 0.620215 0.516427 0.495152 0.501061 0.645470 0.621422 0.526281 0.475636 0.673940 0.569472 0.681639 0.564523 0.633325 0.621077 0.465207 0.669381 0.484240 0.634212 0.632095 0.478498 0.674865 0.508259 0.670294 0.473893 0.491687 0.480506 0.473687 0.476396 0.476842 0.657478 0.465089 0.477956 0.622189 0.634427 0.469752
0.658940 0.664593 0.615443 0.531329 0.663987 0.652265 0.635580 0.639488 0.622132 0.654614 0.662539 0.629888 0.614687 0.622503 0.624377 0.636682 0.523875 0.615057 0.618113 0.589883 0.644840 0.610835 0.641259 0.532920 0.646181 0.663463 0.659101 0.640240 0.584384 0.652272 0.668746 0.637994 0.671865 0.668912 0.660038 0.630990 0.630272 0.659108 0.621877 0.644451 0.622301 0.599087 0.646501 0.667894 0.533893 0.611591 0.671838 0.653155 0.653459 0.641273 0.608446 0.637592 0.640607 0.662716 0.599895 0.670597 0.607108 0.627824 0.612756 0.630129 0.658214 0.645157 0.627483 0.625722 0.634590 0.663879 0.671232 0.664708 0.638915 0.654734 0.635261 0.638638 0.641362 0.631053 0.647161 0.626091 0.639809 0.614588 0.532686 0.637620
0.631087 0.636746 0.577023 0.612282 0.635991 0.592416 0.576131 0.572340 0.588692 0.626601 0.634533 0.602130 0.528954 0.588144 0.589897 0.577801 0.615057 0.526029 0.586053 0.550836 0.621427 0.580196 0.582195 0.611193 0.588015 0.603234 0.631414 0.581176 0.543563 0.579017 0.640666 0.592283 0.613731 0.641221 0.632293 0.599154 0.584619 0.631402 0.570730 0.616689 0.593419 0.520983 0.625119 0.639864 0.612251 0.580665 0.611843 0.593647 0.593366 0.604880 0.582776 0.570505 0.581544 0.634862 0.593918 0.642522 0.523144 0.593030 0.581487 0.571062 0.630291 0.586348 0.594187 0.591998 0.575877 0.635737 0.613098 0.630017 0.579855 0.596557 0.575362 0.579573 0.582299 0.571247 0.618208 0.566773 0.580924 0.582422 0.612727 0.578795
0.613216 0.618877 0.571123 0.615289 0.618082 0.640778 0.624351 0.623310 0.567059 0.608687 0.616621 0.584294 0.585465 0.568431 0.569275 0.625818 0.618113 0.586053 0.553409 0.538728 0.604734 0.560990 0.630278 0.614026 0.635778 0.651732 0.613586 0.629259 0.534248 0.632260 0.622734 0.592058 0.661483 0.623393 0.614451 0.580220 0.586701 0.613570 0.580111 0.598846 0.575702 0.576108 0.608917 0.621950 0.615226 0.563954 0.660258 0.641888 0.641814 0.588570 0.566803 0.621454 0.629627 0.616991 0.623216 0.624592 0.578574 0.574416 0.566726 0.619146 0.612402 0.634337 0.574624 0.571776 0.623833 0.617792 0.660850 0.611444 0.627937 0.644323 0.623742 0.627657 0.630382 0.619593 0.600043 0.614946 0.628942 0.564889 0.615572 0.626791
0.577999 0.583663 0.542331 0.587064 0.582733 0.606830 0.590422 0.589031 0.532481 0.573322 0.581264 0.549157 0.550042 0.526965 0.530581 0.591914 0.589883 0.550836 0.538728 0.379974 0.573751 0.536151 0.596366 0.585822 0.601905 0.617768 0.578518 0.595347 0.464777 0.597725 0.587306 0.541690 0.627612 0.588321 0.579331 0.541105 0.552737 0.578486 0.543448 0.563703 0.550409 0.541356 0.579247 0.586570 0.587004 0.539273 0.626303 0.607956 0.607856 0.532532 0.541812 0.587179 0.595714 0.581773 0.591662 0.589169 0.543160 0.528863 0.541324 0.585234 0.577120 0.600436 0.534648 0.532925 0.589936 0.582317 0.626979 0.565908 0.594025 0.610450 0.589793 0.593744 0.596469 0.585648 0.563817 0.581023 0.595037 0.540527 0.587369 0.592889
0.584165 0.589791 0.608070 0.641943 0.590083 0.674742 0.658294 0.657655 0.603988 0.580816 0.588693 0.552797 0.620862 0.602414 0.606867 0.659732 0.644840 0.621427 0.604734 0.573751 0.494481 0.598519 0.664201 0.640611 0.669653 0.685716 0.583377 0.663182 0.569389 0.666918 0.595315 0.627856 0.695357 0.593204 0.584631 0.589673 0.623419 0.583458 0.616463 0.568546 0.601433 0.610997 0.557525 0.593855 0.641830 0.601117 0.694229 0.675834 0.675792 0.622559 0.600776 0.655797 0.663550 0.587947 0.654314 0.597194 0.613923 0.606568 0.603427 0.653069 0.583861 0.668248 0.599697 0.603963 0.657739 0.590606 0.694724 0.642599 0.661860 0.678199 0.657709 0.661580 0.664305 0.653555 0.581456 0.648883 0.662856 0.603692 0.642228 0.660702
0.608543 0.614201 0.564735 0.608008 0.613456 0.634680 0.618250 0.617275 0.564658 0.604067 0.611999 0.579559 0.579632 0.566376 0.568234 0.619712 0.610835 0.580196 0.560990 0.536151 0.598519 0.545355 0.624173 0.606740 0.629665 0.645638 0.608859 0.623154 0.531442 0.626275 0.618136 0.587826 0.655370 0.618667 0.609742 0.577007 0.581083 0.608848 0.574588 0.594123 0.567277 0.570164 0.602253 0.617324 0.607945 0.556444 0.654161 0.635787 0.635718 0.586332 0.558658 0.615419 0.623522 0.612318 0.616646 0.619993 0.572738 0.572231 0.559287 0.613042 0.607751 0.628230 0.571991 0.569347 0.617725 0.613207 0.654737 0.609193 0.621832 0.638211 0.617644 0.621552 0.624277 0.613495 0.595752 0.608844 0.622835 0.558919 0.608286 0.620684
0.674630 0.680287 0.622325 0.638396 0.679558 0.501717 0.479865 0.532685 0.633188 0.670171 0.678102 0.645658 0.580733 0.632814 0.634583 0.476295 0.641259 0.582195 0.630278 0.596366 0.664201 0.624173 0.467901 0.637382 0.490172 0.512177 0.674928 0.469325 0.589414 0.572313 0.684247 0.639075 0.515880 0.684735 0.675817 0.643384 0.631391 0.674919 0.618549 0.660217 0.637095 0.534507 0.667546 0.683437 0.638281 0.624676 0.518390 0.498078 0.504841 0.649925 0.625889 0.530454 0.468770 0.678405 0.574419 0.686103 0.568904 0.637782 0.625538 0.459229 0.673846 0.490010 0.638671 0.636553 0.483796 0.679329 0.515243 0.674751 0.468524 0.498662 0.483703 0.466944 0.468616 0.480743 0.661941 0.466528 0.483661 0.626649 0.639003 0.478241
0.654768 0.660421 0.611408 0.528891 0.659818 0.648390 0.631704 0.635625 0.618045 0.650445 0.658369 0.625716 0.610814 0.618419 0.620296 0.632805 0.532920 0.611193 0.614026 0.585822 0.640611 0.606740 0.637382 0.525305 0.642301 0.659588 0.654927 0.636363 0.580330 0.648414 0.664578 0.633970 0.667985 0.664738 0.655864 0.626871 0.626257 0.654934 0.617883 0.640278 0.618180 0.595229 0.642243 0.663725 0.528470 0.607504 0.667963 0.649280 0.649585 0.637198 0.604274 0.633729 0.636730 0.658544 0.595874 0.666428 0.603232 0.623740 0.608683 0.626252 0.654043 0.641279 0.623386 0.621633 0.630713 0.659712 0.667353 0.660623 0.635038 0.650854 0.631386 0.634761 0.637486 0.627178 0.643004 0.622215 0.635932 0.610508 0.529435 0.633743
0.680107 0.685764 0.627858 0.643315 0.685036 0.509572 0.489119 0.539351 0.638695 0.675649 0.683580 0.651134 0.586568 0.638327 0.640096 0.483221 0.646181 0.588015 0.635778 0.601905 0.669653 0.629665 0.490172 0.642301 0.462041 0.521925 0.680404 0.489155 0.594963 0.578616 0.689726 0.644653 0.490760 0.690212 0.681293 0.648882 0.636969 0.680396 0.624158 0.665693 0.642577 0.540659 0.672988 0.688915 0.643195 0.630169 0.528686 0.507241 0.512596 0.655450 0.631353 0.537132 0.489515 0.683882 0.577348 0.691581 0.574780 0.643297 0.631032 0.479074 0.679323 0.494492 0.644178 0.642062 0.488794 0.684808 0.490118 0.680266 0.487786 0.472168 0.492353 0.487561 0.490274 0.488339 0.667425 0.477905 0.489154 0.632148 0.643927 0.482848
0.696113 0.701771 0.643734 0.660604 0.701041 0.522235 0.504219 0.552063 0.654631 0.691653 0.699584 0.667142 0.601743 0.654250 0.656019 0.509806 0.663463 0.603234 0.651732 0.617768 0.685716 0.645638 0.512177 0.659588 0.521925 0.486201 0.696412 0.511159 0.610802 0.592646 0.705729 0.660429 0.547664 0.706220 0.697301 0.664838 0.652746 0.696403 0.639862 0.681701 0.658572 0.555040 0.689075 0.704919 0.660494 0.646139 0.517380 0.521282 0.525003 0.671347 0.647390 0.549743 0.511534 0.699888 0.598868 0.707584 0.589839 0.659215 0.646998 0.500992 0.695328 0.520218 0.660115 0.657994 0.512252 0.700811 0.547028 0.696186 0.509897 0.530438 0.498934 0.509541 0.512284 0.501985 0.683417 0.494967 0.514217 0.648102 0.661205 0.511143
0.516213 0.521326 0.618389 0.656231 0.534347 0.685448 0.669011 0.668169 0.608925 0.526493 0.533740 0.517702 0.630817 0.605525 0.611889 0.670463 0.659101 0.631414 0.613586 0.578518 0.583377 0.608859 0.674928 0.654927 0.680404 0.696412 0.496124 0.673909 0.574539 0.677275 0.547845 0.635200 0.706109 0.509067 0.507059 0.576673 0.632916 0.503421 0.625760 0.523862 0.616191 0.621235 0.601491 0.550353 0.656137 0.612054 0.704931 0.686549 0.686491 0.626101 0.612796 0.666312 0.674276 0.520031 0.666446 0.547454 0.623899 0.608600 0.614403 0.663796 0.522031 0.678981 0.597166 0.606083 0.668474 0.550895 0.705475 0.643965 0.672586 0.688950 0.668413 0.672306 0.675031 0.664262 0.549751 0.659603 0.673587 0.614149 0.656518 0.671435
0.673610 0.679268 0.621306 0.637377 0.678539 0.500697 0.478843 0.531666 0.632169 0.669152 0.677083 0.644639 0.579714 0.631795 0.633564 0.475279 0.640240 0.581176 0.629259 0.595347 0.663182 0.623154 0.469325 0.636363 0.489155 0.511159 0.673909 0.467769 0.588394 0.571294 0.683228 0.638056 0.514862 0.683716 0.674798 0.642365 0.630372 0.673900 0.617530 0.659198 0.636076 0.533488 0.666527 0.682418 0.637262 0.623657 0.517373 0.497056 0.503821 0.648906 0.624870 0.529435 0.468694 0.677386 0.573401 0.685084 0.567885 0.636763 0.624519 0.458359 0.672827 0.488991 0.637652 0.635534 0.482777 0.678310 0.514226 0.673732 0.467636 0.497644 0.482683 0.466671 0.469437 0.479723 0.660922 0.465503 0.482643 0.625630 0.637984 0.477224
0.574034 0.579698 0.536883 0.581567 0.578781 0.599869 0.583465 0.581986 0.528671 0.569372 0.577313 0.545187 0.542687 0.523543 0.526957 0.584964 0.584384 0.543563 0.534248 0.464777 0.569389 0.531442 0.589414 0.580330 0.594963 0.610802 0.574539 0.588394 0.379974 0.590617 0.583363 0.535520 0.620670 0.584343 0.575357 0.537501 0.546744 0.574508 0.536854 0.559733 0.545649 0.534194 0.574752 0.582621 0.581508 0.534364 0.619340 0.600998 0.600892 0.530666 0.536908 0.580135 0.588762 0.577809 0.585314 0.585225 0.535801 0.525764 0.536329 0.578282 0.573162 0.593487 0.531138 0.529355 0.582988 0.578378 0.620037 0.562856 0.587073 0.603508 0.582831 0.586792 0.589517 0.578688 0.559950 0.574068 0.588087 0.535639 0.581877 0.585940
0.676963 0.682621 0.623759 0.649459 0.681880 0.582082 0.566028 0.557828 0.635042 0.672491 0.680423 0.647999 0.577806 0.634586 0.636346 0.568027 0.652272 0.579017 0.632260 0.597725 0.666918 0.626275 0.572313 0.648414 0.578616 0.592646 0.677275 0.571294 0.590617 0.518864 0.686561 0.639833 0.604348 0.687083 0.678160 0.645374 0.632154 0.677265 0.618817 0.662558 0.639350 0.523972 0.670436 0.685756 0.649394 0.626756 0.601403 0.583510 0.582893 0.651517 0.628428 0.555957 0.571662 0.680738 0.610641 0.688417 0.566464 0.639516 0.627594 0.561178 0.676173 0.576624 0.640535 0.638381 0.566238 0.681638 0.603714 0.676494 0.569975 0.587152 0.564995 0.569690 0.572417 0.560945 0.664180 0.556748 0.571155 0.628625 0.649985 0.569050
0.545256 0.550985 0.627667 0.665878 0.548299 0.694765 0.678329 0.677469 0.617728 0.538689 0.546719 0.524001 0.640066 0.614168 0.620701 0.679783 0.668746 0.640666 0.622734 0.587306 0.595315 0.618136 0.684247 0.664578 0.689726 0.705729 0.547845 0.683228 0.583363 0.686561 0.548941 0.644215 0.715430 0.557609 0.547960 0.583905 0.642121 0.547654 0.634948 0.535066 0.625810 0.630510 0.613960 0.555679 0.665786 0.621385 0.714248 0.695867 0.695808 0.634781 0.622229 0.675612 0.683596 0.549022 0.675896 0.554192 0.633151 0.617148 0.623737 0.673116 0.543491 0.688301 0.605307 0.614636 0.677794 0.556000 0.714797 0.652453 0.681906 0.698271 0.677731 0.681626 0.684351 0.673580 0.555332 0.668922 0.682907 0.623438 0.666166 0.680755
0.634775 0.640437 0.588445 0.635186 0.639593 0.649507 0.633115 0.631397 0.590536 0.630192 0.638129 0.605880 0.591481 0.587689 0.590178 0.634631 0.637994 0.592283 0.592058 0.541690 0.627856 0.587826 0.639075 0.633970 0.644653 0.660429 0.635200 0.638056 0.535520 0.639833 0.644215 0.554547 0.670362 0.645006 0.636046 0.600321 0.593620 0.635178 0.580011 0.620432 0.601625 0.583257 0.632516 0.643447 0.635134 0.589486 0.668974 0.650647 0.650523 0.599755 0.592150 0.629548 0.638424 0.638550 0.636606 0.646075 0.584656 0.591276 0.590895 0.627943 0.633937 0.643157 0.594572 0.592548 0.632660 0.639255 0.669728 0.628326 0.636735 0.653198 0.632467 0.636454 0.639179 0.628327 0.621235 0.623722 0.637754 0.590859 0.635510 0.635609
0.705811 0.711469 0.653566 0.668999 0.710741 0.535321 0.514861 0.565092 0.664401 0.701354 0.709285 0.676839 0.612285 0.664033 0.665802 0.508896 0.671865 0.613731 0.661483 0.627612 0.695357 0.655370 0.515880 0.667985 0.490760 0.547664 0.706109 0.514862 0.620670 0.604348 0.715430 0.670362 0.356112 0.715916 0.706998 0.674588 0.662677 0.706100 0.649867 0.691398 0.668282 0.566387 0.698691 0.714620 0.668879 0.655875 0.554423 0.532985 0.538344 0.681156 0.657057 0.562873 0.515222 0.709587 0.602940 0.717286 0.600499 0.669004 0.656738 0.504782 0.705028 0.520278 0.669884 0.667768 0.514569 0.710513 0.360866 0.705972 0.513493 0.491988 0.518099 0.513268 0.515981 0.514089 0.693130 0.503634 0.514918 0.657854 0.669611 0.508538
0.525948 0.531026 0.628197 0.666042 0.544100 0.695255 0.678818 0.677976 0.618728 0.536248 0.543494 0.527476 0.640624 0.615327 0.621693 0.680271 0.668912 0.641221 0.623393 0.588321 0.593204 0.618667 0.684735 0.664738 0.690212 0.706220 0.509067 0.683716 0.584343 0.687083 0.557609 0.645006 0.715916 0.517099 0.516829 0.586463 0.642723 0.513236 0.635567 0.533641 0.626002 0.631043 0.611327 0.560123 0.665947 0.621862 0.714739 0.696357 0.696299 0.635903 0.622605 0.676119 0.684084 0.529757 0.676255 0.557214 0.633706 0.618402 0.624210 0.673604 0.531775 0.688789 0.606964 0.615884 0.678282 0.560665 0.715283 0.653766 0.682394 0.698758 0.678221 0.682114 0.684839 0.674070 0.559527 0.669411 0.683395 0.623956 0.666329 0.681242
0.515072 0.520349 0.619272 0.657168 0.533970 0.686337 0.669900 0.669055 0.609740 0.526204 0.533411 0.518136 0.631696 0.606317 0.612706 0.671352 0.660038 0.632293 0.614451 0.579331 0.584631 0.609742 0.675817 0.655864 0.681293 0.697301 0.507059 0.674798 0.575357 0.678160 0.547960 0.636046 0.706998 0.516829 0.504728 0.577265 0.633788 0.508305 0.626630 0.524805 0.617122 0.622118 0.602835 0.550684 0.657074 0.612944 0.705820 0.687438 0.687380 0.626898 0.613701 0.667198 0.675166 0.518944 0.667354 0.547417 0.624778 0.609379 0.615293 0.664685 0.521284 0.679870 0.597887 0.606862 0.669363 0.551198 0.706365 0.644735 0.673476 0.689839 0.669302 0.673195 0.675921 0.665151 0.550113 0.660492 0.674476 0.615033 0.657455 0.672324
0.575509 0.581192 0.586475 0.628147 0.579671 0.653884 0.637457 0.636418 0.571660 0.570190 0.578162 0.547076 0.598522 0.566448 0.574716 0.638924 0.630990 0.599154 0.580220 0.541105 0.589673 0.577007 0.643384 0.626871 0.648882 0.664838 0.576673 0.642365 0.537501 0.645374 0.583905 0.600321 0.674588 0.586463 0.577265 0.510002 0.600184 0.576571 0.592826 0.561573 0.588601 0.589219 0.600720 0.583392 0.628071 0.580776 0.673363 0.654994 0.654921 0.587489 0.582556 0.634563 0.642732 0.579279 0.636272 0.585787 0.591624 0.568513 0.583154 0.632252 0.574352 0.647443 0.551635 0.565999 0.636939 0.578712 0.673955 0.603295 0.641043 0.657428 0.636848 0.640762 0.643487 0.632699 0.556767 0.628052 0.642047 0.582392 0.628437 0.639896
0.632570 0.638229 0.577428 0.627469 0.637457 0.641824 0.625432 0.623723 0.589366 0.628065 0.635998 0.603616 0.583936 0.588848 0.590354 0.626947 0.630272 0.584619 0.586701 0.552737 0.623419 0.581083 0.631391 0.626257 0.636969 0.652746 0.632916 0.630372 0.546744 0.632154 0.642121 0.593620 0.662677 0.642723 0.633788 0.600184 0.554620 0.632902 0.572911 0.618175 0.594564 0.575580 0.627363 0.641324 0.627420 0.581508 0.661291 0.642963 0.642839 0.605864 0.584392 0.621873 0.630740 0.636345 0.628873 0.643979 0.577133 0.593828 0.582458 0.620259 0.631765 0.635472 0.595019 0.592738 0.624975 0.637185 0.662044 0.630833 0.629051 0.645514 0.624784 0.628770 0.631495 0.620643 0.619565 0.616038 0.630070 0.582813 0.627792 0.627925
0.516848 0.522050 0.618379 0.656237 0.534473 0.685439 0.669002 0.668159 0.608894 0.526557 0.533832 0.517421 0.630805 0.605487 0.611858 0.670455 0.659108 0.631402 0.613570 0.578486 0.583458 0.608848 0.674919 0.654934 0.680396 0.696403 0.503421 0.673900 0.574508 0.677265 0.547654 0.635178 0.706100 0.513236 0.508305 0.576571 0.632902 0.497125 0.625745 0.523227 0.616198 0.621225 0.601632 0.550057 0.656143 0.612045 0.704922 0.686540 0.686483 0.626063 0.612792 0.666303 0.674268 0.520682 0.666444 0.547361 0.623887 0.608557 0.614394 0.663788 0.522393 0.678972 0.597105 0.606040 0.668466 0.550660 0.705467 0.643919 0.672578 0.688941 0.668405 0.672298 0.675023 0.664254 0.549573 0.659595 0.673579 0.614139 0.656524 0.671426
0.625407 0.631066 0.570894 0.619078 0.630288 0.628953 0.612575 0.610588 0.582234 0.620895 0.628828 0.596462 0.569902 0.581392 0.583149 0.614111 0.621877 0.570730 0.580111 0.543448 0.616463 0.574588 0.618549 0.617883 0.624158 0.639862 0.625760 0.617530 0.536854 0.618817 0.634948 0.580011 0.649867 0.635567 0.626630 0.592826 0.572911 0.625745 0.554102 0.611020 0.588055 0.562075 0.620464 0.634155 0.619033 0.575145 0.648416 0.630105 0.629960 0.597579 0.577886 0.608741 0.617897 0.629182 0.617899 0.636806 0.563119 0.586139 0.576080 0.607417 0.624599 0.622638 0.587627 0.585403 0.612145 0.630011 0.649234 0.623145 0.616208 0.632702 0.611912 0.615927 0.618652 0.607774 0.612353 0.603186 0.617234 0.576613 0.619418 0.615090
0.524068 0.529704 0.603667 0.641581 0.529967 0.670736 0.654299 0.653455 0.594120 0.520743 0.528595 0.498153 0.616093 0.590686 0.597080 0.655752 0.644451 0.616689 0.598846 0.563703 0.568546 0.594123 0.660217 0.640278 0.665693 0.681701 0.523862 0.659198 0.559733 0.662558 0.535066 0.620432 0.691398 0.533641 0.524805 0.561573 0.618175 0.523227 0.611020 0.476663 0.601581 0.606515 0.587595 0.531638 0.641488 0.597332 0.690220 0.671838 0.671779 0.611264 0.598096 0.651598 0.659565 0.527856 0.651760 0.537422 0.609177 0.593743 0.599685 0.649085 0.523703 0.664270 0.582245 0.591236 0.653763 0.534161 0.690764 0.629110 0.657875 0.674239 0.653702 0.657595 0.660320 0.649551 0.534296 0.644892 0.658876 0.599426 0.641868 0.656723
0.616016 0.621671 0.578035 0.619463 0.621051 0.647610 0.631175 0.630285 0.580122 0.611681 0.619604 0.587002 0.592861 0.580951 0.582953 0.632631 0.622301 0.593419 0.575702 0.550409 0.601433 0.567277 0.637095 0.618180 0.642577 0.658572 0.616191 0.636076 0.545649 0.639350 0.625810 0.601625 0.668282 0.626002 0.617122 0.588601 0.594564 0.616198 0.588055 0.601581 0.516990 0.583290 0.605760 0.624961 0.619390 0.569680 0.667093 0.648713 0.648651 0.600643 0.570150 0.628428 0.636443 0.619793 0.628993 0.627663 0.585952 0.586480 0.572279 0.625963 0.615283 0.641149 0.585453 0.583807 0.630642 0.620909 0.667649 0.623319 0.634754 0.651123 0.630575 0.634473 0.637199 0.626424 0.604130 0.621768 0.635755 0.572690 0.619739 0.633603
0.620918 0.626577 0.567432 0.596287 0.625831 0.544412 0.528289 0.521160 0.578845 0.616442 0.624373 0.591956 0.519664 0.578361 0.580117 0.530190 0.599087 0.520983 0.576108 0.541356 0.610997 0.570164 0.534507 0.595229 0.540659 0.555040 0.621235 0.533488 0.534194 0.523972 0.630510 0.583257 0.566387 0.631043 0.622118 0.589219 0.575580 0.621225 0.562075 0.606515 0.583290 0.426157 0.614574 0.629706 0.596234 0.570641 0.563757 0.545781 0.545267 0.595230 0.572460 0.519308 0.533856 0.624694 0.564238 0.632366 0.508464 0.583276 0.571473 0.523373 0.620127 0.538775 0.584339 0.582174 0.528368 0.625585 0.565753 0.620257 0.532169 0.549197 0.527333 0.531885 0.534611 0.523268 0.608104 0.518985 0.533319 0.572473 0.596786 0.531205
0.602508 0.608128 0.611764 0.643589 0.608580 0.678097 0.661644 0.661100 0.609461 0.599334 0.607202 0.573055 0.624563 0.608458 0.612295 0.663075 0.646501 0.625119 0.608917 0.579247 0.557525 0.602253 0.667546 0.642243 0.672988 0.689075 0.601491 0.666527 0.574752 0.670436 0.613960 0.632516 0.698691 0.611327 0.602835 0.600720 0.627363 0.601632 0.620464 0.587595 0.605760 0.614574 0.517186 0.612790 0.643467 0.604638 0.697585 0.679185 0.679150 0.628455 0.603820 0.659240 0.666895 0.606290 0.656995 0.615759 0.617610 0.612945 0.606924 0.656415 0.602283 0.671590 0.607563 0.610356 0.661080 0.609512 0.698058 0.649188 0.665205 0.681534 0.661064 0.664925 0.667650 0.656910 0.598406 0.652232 0.666199 0.607370 0.643873 0.664044
0.548490 0.554194 0.626861 0.665025 0.552349 0.693956 0.677519 0.676661 0.616992 0.542852 0.550830 0.520460 0.639266 0.613454 0.619962 0.678973 0.667894 0.639864 0.621950 0.586570 0.593855 0.617324 0.683437 0.663725 0.688915 0.704919 0.550353 0.682418 0.582621 0.685756 0.555679 0.643447 0.714620 0.560123 0.550684 0.583392 0.641324 0.550057 0.634155 0.531638 0.624961 0.629706 0.612790 0.548941 0.664933 0.620567 0.713439 0.695057 0.694998 0.634059 0.621399 0.674805 0.682786 0.552263 0.675070 0.558635 0.632350 0.616448 0.622920 0.672305 0.547132 0.687491 0.604668 0.613938 0.676984 0.554163 0.713987 0.651767 0.681096 0.697461 0.676921 0.680816 0.683541 0.672770 0.554917 0.668112 0.682097 0.622629 0.665313 0.679945
0.655977 0.661631 0.612589 0.529679 0.661026 0.649294 0.632606 0.636570 0.619241 0.651654 0.659578 0.626925 0.611873 0.619613 0.621490 0.633703 0.533893 0.612251 0.615226 0.587004 0.641830 0.607945 0.638281 0.528470 0.643195 0.660494 0.656137 0.637262 0.581508 0.649394 0.665786 0.635134 0.668879 0.665947 0.657074 0.628071 0.627420 0.656143 0.619033 0.641488 0.619390 0.596234 0.643467 0.664933 0.526040 0.608708 0.668868 0.650181 0.650490 0.638387 0.605494 0.634674 0.637630 0.659753 0.596459 0.667637 0.604285 0.624933 0.609885 0.627151 0.655252 0.642177 0.624582 0.622829 0.631610 0.660920 0.668246 0.661816 0.635938 0.651748 0.632290 0.635660 0.638385 0.628081 0.644211 0.623116 0.636830 0.611708 0.531201 0.634641
0.611760 0.617418 0.564506 0.608768 0.616693 0.635181 0.618752 0.617766 0.569433 0.607307 0.615237 0.582767 0.580110 0.570447 0.571984 0.620215 0.611591 0.580665 0.563954 0.539273 0.601117 0.556444 0.624676 0.607504 0.630169 0.646139 0.612054 0.623657 0.534364 0.626756 0.621385 0.589486 0.655875 0.621862 0.612944 0.580776 0.581508 0.612045 0.575145 0.597332 0.569680 0.570641 0.604638 0.620567 0.608708 0.554215 0.654662 0.636289 0.636219 0.589888 0.559670 0.615910 0.624025 0.615535 0.617233 0.623241 0.573219 0.576111 0.558655 0.613544 0.610978 0.628733 0.576050 0.573647 0.618228 0.616464 0.655241 0.613066 0.622335 0.638715 0.618146 0.622055 0.624780 0.613996 0.599118 0.609346 0.623338 0.559638 0.609047 0.621187
0.704632 0.710290 0.652269 0.668979 0.709560 0.529846 0.511294 0.561062 0.663159 0.700173 0.708104 0.675661 0.610357 0.662779 0.664547 0.516427 0.671838 0.611843 0.660258 0.626303 0.694229 0.654161 0.518390 0.667963 0.528686 0.517380 0.704931 0.517373 0.619340 0.601403 0.714248 0.668974 0.554423 0.714739 0.705820 0.673363 0.661291 0.704922 0.648416 0.690220 0.667093 0.563757 0.697585 0.713439 0.668868 0.654662 0.502382 0.528427 0.532711 0.679878 0.655907 0.558775 0.517751 0.708407 0.606809 0.716104 0.598469 0.667745 0.655522 0.507188 0.703848 0.527100 0.668642 0.666522 0.519345 0.709330 0.553787 0.704715 0.516129 0.537197 0.506855 0.515749 0.518498 0.509557 0.691937 0.501669 0.521053 0.656628 0.669581 0.517806
0.686250 0.691908 0.633917 0.650294 0.691179 0.509350 0.479105 0.543640 0.644793 0.681792 0.689722 0.657279 0.592175 0.644417 0.646185 0.495152 0.653155 0.593647 0.641888 0.607956 0.675834 0.635787 0.498078 0.649280 0.507241 0.521282 0.686549 0.497056 0.600998 0.583510 0.695867 0.650647 0.532985 0.696357 0.687438 0.654994 0.642963 0.686540 0.630105 0.671838 0.648713 0.545781 0.679185 0.695057 0.650181 0.636289 0.528427 0.493793 0.512901 0.661522 0.637518 0.541403 0.497430 0.690026 0.587221 0.697723 0.580320 0.649384 0.637150 0.486925 0.685466 0.505424 0.650277 0.648158 0.497665 0.690949 0.532349 0.686353 0.495763 0.515755 0.490353 0.495451 0.498183 0.488979 0.673559 0.476126 0.499360 0.638258 0.650899 0.496448
0.686192 0.691850 0.633821 0.650600 0.691120 0.502424 0.495825 0.542780 0.644715 0.681733 0.689663 0.657221 0.591881 0.644335 0.646103 0.501061 0.653459 0.593366 0.641814 0.607856 0.675792 0.635718 0.504841 0.649585 0.512596 0.525003 0.686491 0.503821 0.600892 0.582893 0.695808 0.650523 0.538344 0.696299 0.687380 0.654921 0.642839 0.686483 0.629960 0.671779 0.648651 0.545267 0.679150 0.694998 0.650490 0.636219 0.532711 0.512901 0.475657 0.661433 0.637468 0.540552 0.504191 0.689967 0.588715 0.697664 0.579991 0.649300 0.637079 0.493696 0.685408 0.510296 0.650199 0.648078 0.501465 0.690890 0.537708 0.686270 0.502513 0.521117 0.492284 0.502217 0.504945 0.481180 0.673497 0.487768 0.504490 0.638185 0.651202 0.502208
0.625536 0.631202 0.594077 0.638450 0.630231 0.660403 0.643987 0.642728 0.580635 0.620816 0.628759 0.596721 0.604180 0.573846 0.579383 0.645470 0.641273 0.604880 0.588570 0.532532 0.622559 0.586332 0.649925 0.637198 0.655450 0.671347 0.626101 0.648906 0.530666 0.651517 0.634781 0.599755 0.681156 0.635903 0.626898 0.587489 0.605864 0.626063 0.597579 0.611264 0.600643 0.595230 0.628455 0.634059 0.638387 0.589888 0.679878 0.661522 0.661433 0.553453 0.592376 0.640875 0.649274 0.629310 0.644325 0.636645 0.597298 0.572295 0.592117 0.638793 0.624638 0.653992 0.580968 0.579891 0.643490 0.629778 0.680523 0.608525 0.647584 0.663995 0.643366 0.647304 0.650029 0.639220 0.611051 0.634587 0.648594 0.591137 0.638747 0.646445
0.612544 0.618201 0.567575 0.605593 0.617515 0.636422 0.619978 0.619242 0.571909 0.608133 0.616061 0.583531 0.582227 0.572895 0.574572 0.621422 0.608446 0.582776 0.566803 0.541812 0.600776 0.558658 0.625889 0.604274 0.631353 0.647390 0.612796 0.624870 0.536908 0.628428 0.622229 0.592150 0.657057 0.622605 0.613701 0.582556 0.584392 0.612792 0.577886 0.598096 0.570150 0.572460 0.603820 0.621399 0.605494 0.559670 0.655907 0.637518 0.637468 0.592376 0.538165 0.617384 0.625238 0.616320 0.616738 0.624084 0.575297 0.578522 0.561574 0.614758 0.611780 0.629938 0.578244 0.576017 0.619430 0.617322 0.656424 0.615450 0.623548 0.639899 0.619388 0.623268 0.625993 0.615236 0.600181 0.610568 0.624546 0.563308 0.605860 0.622393
0.666006 0.671664 0.613194 0.634759 0.670927 0.539833 0.523957 0.504473 0.624290 0.661540 0.669471 0.637039 0.568805 0.623868 0.625632 0.526281 0.637592 0.570505 0.621454 0.587179 0.655797 0.615419 0.530454 0.633729 0.537132 0.549743 0.666312 0.529435 0.580135 0.555957 0.675612 0.629548 0.562873 0.676119 0.667198 0.634563 0.621873 0.666303 0.608741 0.651598 0.628428 0.519308 0.659240 0.674805 0.634674 0.615910 0.558775 0.541403 0.540552 0.640875 0.617384 0.498371 0.529803 0.669781 0.585648 0.677468 0.556388 0.628814 0.616759 0.519317 0.665218 0.534963 0.629778 0.627640 0.524715 0.670691 0.562238 0.665788 0.528119 0.545664 0.522628 0.527831 0.530558 0.518747 0.653263 0.514737 0.529449 0.617822 0.635320 0.527332
0.673978 0.679636 0.621673 0.637745 0.678907 0.501067 0.479216 0.532034 0.632536 0.669520 0.677451 0.645006 0.580082 0.632162 0.633931 0.475636 0.640607 0.581544 0.629627 0.595714 0.663550 0.623522 0.468770 0.636730 0.489515 0.511534 0.674276 0.468694 0.588762 0.571662 0.683596 0.638424 0.515222 0.684084 0.675166 0.642732 0.630740 0.674268 0.617897 0.659565 0.636443 0.533856 0.666895 0.682786 0.637630 0.624025 0.517751 0.497430 0.504191 0.649274 0.625238 0.529803 0.467785 0.677754 0.573767 0.685451 0.568253 0.637131 0.624887 0.458740 0.673194 0.489354 0.638020 0.635902 0.483142 0.678678 0.514586 0.674100 0.467777 0.498004 0.483056 0.466624 0.468750 0.480093 0.661290 0.465881 0.483005 0.625997 0.638352 0.477582
0.513120 0.515930 0.621848 0.659846 0.533531 0.688924 0.672487 0.671638 0.612186 0.526183 0.533203 0.519930 0.634264 0.608719 0.615154 0.673940 0.662716 0.634862 0.616991 0.581773 0.587947 0.612318 0.678405 0.658544 0.683882 0.699888 0.520031 0.677386 0.577809 0.680738 0.549022 0.638550 0.709587 0.529757 0.518944 0.579279 0.636345 0.520682 0.629182 0.527856 0.619793 0.624694 0.606290 0.552263 0.659753 0.615535 0.708407 0.690026 0.689967 0.629310 0.616320 0.669781 0.677754 0.509622 0.669978 0.548085 0.627347 0.611755 0.617885 0.667273 0.520185 0.682458 0.600151 0.609240 0.671951 0.552678 0.708953 0.647094 0.676064 0.692428 0.671890 0.675783 0.678509 0.667739 0.551683 0.663080 0.677064 0.617612 0.660133 0.674912
0.666203 0.671859 0.617314 0.596807 0.671179 0.587023 0.569528 0.587654 0.626596 0.661798 0.669726 0.637201 0.593309 0.626531 0.628337 0.569472 0.599895 0.593918 0.623216 0.591662 0.654314 0.616646 0.574419 0.595874 0.577348 0.598868 0.666446 0.573401 0.585314 0.610641 0.675896 0.636606 0.602940 0.676255 0.667354 0.636272 0.628873 0.666444 0.617899 0.651760 0.628993 0.564238 0.656995 0.675070 0.596459 0.617233 0.606809 0.587221 0.588715 0.644325 0.616738 0.585648 0.573767 0.669978 0.387063 0.677750 0.583935 0.631647 0.618190 0.563296 0.665442 0.577850 0.632039 0.630059 0.567223 0.670999 0.602312 0.668582 0.572068 0.585924 0.570090 0.571800 0.574523 0.565739 0.653881 0.559773 0.572655 0.619613 0.597716 0.570287
