0.513268 0.618559 0.670888 0.531002 0.681530 0.677904 0.680732 0.617801 0.616865 0.537690 0.633070 0.681302 0.627360 0.593851 0.596580 0.683622 0.648695 0.676488 0.750691 0.535218 0.673780 0.543195 0.640149 0.642677 0.632350 0.557298 0.646833 0.636258 0.599665 0.654588 0.640092 0.719981 0.665227 0.609641 0.647104 0.678233 0.639569 0.712308 0.663245 0.546136 0.719822 0.555019 0.703003 0.692945 0.685355 0.666737
0.618559 0.547681 0.611995 0.620364 0.617612 0.609338 0.601845 0.574200 0.562604 0.606176 0.561950 0.604605 0.564396 0.539670 0.595885 0.609578 0.598828 0.610920 0.663221 0.631076 0.604280 0.519829 0.576643 0.576622 0.593472 0.566710 0.586136 0.585656 0.610517 0.601256 0.563642 0.645278 0.607608 0.600171 0.563222 0.595235 0.582649 0.635138 0.601240 0.608901 0.654125 0.587301 0.621467 0.606928 0.616448 0.597556
0.670888 0.611995 0.519652 0.673310 0.655987 0.652151 0.649135 0.628578 0.616929 0.652906 0.614791 0.643598 0.613940 0.607693 0.652326 0.644509 0.523673 0.650730 0.700637 0.682585 0.637029 0.560772 0.616853 0.632046 0.630263 0.612472 0.633551 0.650467 0.654578 0.545039 0.629620 0.689409 0.667364 0.651972 0.623709 0.648070 0.605297 0.665075 0.648154 0.652718 0.690679 0.636483 0.670253 0.645900 0.637673 0.618979
0.531002 0.620364 0.673310 0.513215 0.683617 0.681051 0.683558 0.618843 0.617324 0.535097 0.631197 0.688504 0.629740 0.594606 0.603187 0.686831 0.651189 0.680146 0.750431 0.541970 0.678408 0.544751 0.644222 0.647594 0.635582 0.567406 0.642097 0.634327 0.595579 0.658646 0.640015 0.721326 0.670660 0.613129 0.651341 0.680975 0.650301 0.713823 0.667863 0.546980 0.721112 0.554978 0.706855 0.694742 0.689494 0.673926
0.681530 0.617612 0.655987 0.683617 0.492725 0.498952 0.541997 0.652271 0.642253 0.666202 0.589306 0.490891 0.577309 0.621145 0.655227 0.502682 0.647983 0.509170 0.527185 0.696502 0.497214 0.584284 0.551947 0.644417 0.513613 0.661312 0.653026 0.680694 0.674057 0.647878 0.659272 0.530593 0.632442 0.680215 0.663805 0.536202 0.575615 0.515724 0.491652 0.680153 0.527446 0.651683 0.478335 0.469330 0.482223 0.486706
0.677904 0.609338 0.652151 0.681051 0.498952 0.439185 0.529760 0.647852 0.636379 0.662272 0.579502 0.482525 0.572821 0.615271 0.646687 0.488173 0.646679 0.486818 0.507400 0.691883 0.480519 0.586149 0.533370 0.641026 0.485315 0.641011 0.648902 0.675986 0.673357 0.647421 0.650556 0.514595 0.621104 0.672765 0.653993 0.522930 0.571924 0.495435 0.479526 0.672941 0.497980 0.654201 0.456985 0.485236 0.468913 0.480866
0.680732 0.601845 0.649135 0.683558 0.541997 0.529760 0.502277 0.639405 0.630875 0.666730 0.574056 0.527841 0.563813 0.604334 0.640434 0.533519 0.637861 0.542635 0.559017 0.696718 0.529112 0.578069 0.538407 0.629094 0.532728 0.638219 0.643704 0.664916 0.674132 0.638746 0.644594 0.557949 0.612380 0.664574 0.645503 0.497519 0.583210 0.543212 0.525162 0.677407 0.560524 0.650051 0.530506 0.523741 0.527511 0.523715
0.617801 0.574200 0.628578 0.618843 0.652271 0.647852 0.639405 0.552102 0.563638 0.603012 0.588778 0.643439 0.591933 0.528957 0.607902 0.643748 0.612592 0.645303 0.702749 0.631816 0.636895 0.514874 0.609892 0.593338 0.618962 0.557227 0.590978 0.574757 0.613494 0.616828 0.580113 0.683719 0.622173 0.590730 0.586176 0.636767 0.610503 0.670838 0.635047 0.611035 0.685134 0.579214 0.662101 0.648016 0.654946 0.625736
0.616865 0.562604 0.616929 0.617324 0.642253 0.636379 0.630875 0.563638 0.561344 0.598925 0.577120 0.633293 0.583532 0.542219 0.603770 0.634756 0.605313 0.637707 0.682472 0.626076 0.624902 0.522845 0.597339 0.589662 0.609467 0.559178 0.577808 0.570314 0.614886 0.611904 0.572063 0.672304 0.620251 0.590805 0.564966 0.626247 0.607821 0.666982 0.623165 0.607232 0.673187 0.572934 0.650493 0.633361 0.639851 0.610806
0.537690 0.606176 0.652906 0.535097 0.666202 0.662272 0.666730 0.603012 0.598925 0.528174 0.613993 0.666593 0.613342 0.577522 0.591149 0.666030 0.631548 0.661239 0.728084 0.548406 0.657819 0.533738 0.625953 0.627829 0.620449 0.542123 0.631808 0.618164 0.590254 0.640781 0.622821 0.704831 0.645236 0.600095 0.626915 0.662863 0.637815 0.696143 0.647361 0.541783 0.697441 0.548755 0.683784 0.675478 0.671995 0.655794
0.633070 0.561950 0.614791 0.631197 0.589306 0.579502 0.574056 0.588778 0.577120 0.613993 0.495188 0.577894 0.513884 0.556252 0.600835 0.586114 0.596951 0.593117 0.639543 0.641338 0.581781 0.518611 0.553259 0.578424 0.564059 0.593256 0.580412 0.625667 0.617485 0.601777 0.585437 0.621006 0.566546 0.606985 0.600990 0.563592 0.588063 0.605085 0.575386 0.621024 0.618029 0.597678 0.599757 0.574412 0.589531 0.567107
0.681302 0.604605 0.643598 0.688504 0.490891 0.482525 0.527841 0.643439 0.633293 0.666593 0.577894     -nan 0.559325 0.606550 0.645955 0.474319 0.641802 0.485295 0.500511 0.692078 0.471668 0.578183 0.520219 0.635963 0.494278 0.660327 0.646846 0.683703 0.685221 0.627293 0.653404 0.506567 0.611073 0.669501 0.656579 0.511627 0.561695 0.468003 0.455436 0.693093 0.480026 0.653216 0.468841 0.482898 0.470022 0.454663
0.627360 0.564396 0.613940 0.629740 0.577309 0.572821 0.563813 0.591933 0.583532 0.613342 0.513884 0.559325 0.519223 0.553709 0.593778 0.573994 0.599517 0.580443 0.629861 0.640650 0.569883 0.525435 0.545794 0.576748 0.561806 0.593810 0.592178 0.620918 0.617261 0.599923 0.593108 0.611847 0.565662 0.610023 0.603283 0.556579 0.581249 0.597309 0.566219 0.618976 0.616811 0.595051 0.587983 0.565611 0.574423 0.561563
0.593851 0.539670 0.607693 0.594606 0.621145 0.615271 0.604334 0.528957 0.542219 0.577522 0.556252 0.606550 0.553709     -nan 0.569656 0.616734 0.578392 0.613867 0.675420 0.616906 0.611030 0.476770 0.578104 0.558357 0.584757 0.524341 0.534601 0.546458 0.590057 0.586150 0.526335 0.659921 0.589825 0.567523 0.520818 0.604491 0.578646 0.641548 0.607112 0.596357 0.654077 0.550482 0.621192 0.613609 0.628841 0.615241
0.596580 0.595885 0.652326 0.603187 0.655227 0.646687 0.640434 0.607902 0.603770 0.591149 0.600835 0.645955 0.593778 0.569656     -nan 0.646827 0.636234 0.648831 0.700251 0.617909 0.636993 0.531908 0.595758 0.617353 0.626832 0.593130 0.630688 0.622051 0.587198 0.638193 0.605247 0.680238 0.634292 0.621770 0.625862 0.623699 0.609570 0.672637 0.630645 0.603873 0.701150 0.589817 0.651239 0.641737 0.664421 0.646523
0.683622 0.609578 0.644509 0.686831 0.502682 0.488173 0.533519 0.643748 0.634756 0.666030 0.586114 0.474319 0.573994 0.616734 0.646827 0.479268 0.640261 0.486123 0.502970 0.699280 0.465455 0.576578 0.539175 0.639865 0.489814 0.647370 0.653017 0.668551 0.678030 0.638632 0.646567 0.524296 0.631343 0.671823 0.647672 0.526970 0.573613 0.495773 0.483777 0.681110 0.495109 0.650575 0.475665 0.476711 0.457581 0.481196
0.648695 0.598828 0.523673 0.651189 0.647983 0.646679 0.637861 0.612592 0.605313 0.631548 0.596951 0.641802 0.599517 0.578392 0.636234 0.640261 0.525404 0.641563 0.696939 0.662560 0.628956 0.556755 0.609278 0.609639 0.631546 0.601780 0.614999 0.628768 0.636942 0.510456 0.622121 0.672544 0.647886 0.644145 0.628066 0.635280 0.577185 0.662999 0.635746 0.641281 0.689962 0.606700 0.667067 0.636091 0.636179 0.605700
0.676488 0.610920 0.650730 0.680146 0.509170 0.486818 0.542635 0.645303 0.637707 0.661239 0.593117 0.485295 0.580443 0.613867 0.648831 0.486123 0.641563 0.469789 0.512272 0.689333 0.490102 0.584284 0.548470 0.643661 0.461861 0.647135 0.651677 0.669840 0.670223 0.639139 0.659020 0.532866 0.631800 0.669648 0.651092 0.535459 0.574201 0.490167 0.488965 0.673202 0.448783 0.648448 0.479344 0.492980 0.479792 0.482600
0.750691 0.663221 0.700637 0.750431 0.527185 0.507400 0.559017 0.702749 0.682472 0.728084 0.639543 0.500511 0.629861 0.675420 0.700251 0.502970 0.696939 0.512272     -nan 0.761574 0.507719 0.621052 0.568135 0.697788 0.531525 0.710669 0.704810 0.746192 0.755621 0.695049 0.717291 0.497809 0.696014 0.730833 0.702973 0.546550 0.607937 0.510116 0.507550 0.758485 0.524713 0.723291 0.434383 0.501238 0.519515 0.537382
0.535218 0.631076 0.682585 0.541970 0.696502 0.691883 0.696718 0.631816 0.626076 0.548406 0.641338 0.692078 0.640650 0.616906 0.617909 0.699280 0.662560 0.689333 0.761574 0.537730 0.688703 0.562094 0.650736 0.657296 0.648358 0.575588 0.658732 0.651991 0.614488 0.662234 0.658822 0.733496 0.679546 0.623211 0.666045 0.692416 0.663699 0.723466 0.675322 0.569587 0.727057 0.570104 0.712202 0.706945 0.700904 0.681857
0.673780 0.604280 0.637029 0.678408 0.497214 0.480519 0.529112 0.636895 0.624902 0.657819 0.581781 0.471668 0.569883 0.611030 0.636993 0.465455 0.628956 0.490102 0.507719 0.688703 0.459973 0.572462 0.531703 0.631554 0.493166 0.638897 0.644656 0.664232 0.668010 0.627155 0.647429 0.517850 0.617535 0.664976 0.640293 0.520626 0.564256 0.486106 0.476561 0.676721 0.501735 0.640677 0.468446 0.475367 0.457258 0.475197
0.543195 0.519829 0.560772 0.544751 0.584284 0.586149 0.578069 0.514874 0.522845 0.533738 0.518611 0.578183 0.525435 0.476770 0.531908 0.576578 0.556755 0.584284 0.621052 0.562094 0.572462     -nan 0.556516 0.539222 0.532861 0.510949 0.539835 0.536632 0.570340 0.548873 0.519987 0.617588 0.569904 0.540147 0.561848 0.574028 0.567879 0.598367 0.572663 0.540742 0.606498 0.528658 0.605945 0.585855 0.572139 0.569462
0.640149 0.576643 0.616853 0.644222 0.551947 0.533370 0.538407 0.609892 0.597339 0.625953 0.553259 0.520219 0.545794 0.578104 0.595758 0.539175 0.609278 0.548470 0.568135 0.650736 0.531703 0.556516 0.545436 0.601855 0.531987 0.616451 0.614913 0.641195 0.646987 0.613613 0.613318 0.582380 0.584928 0.630458 0.622327 0.532061 0.575964 0.556443 0.545378 0.633741 0.572908 0.614367 0.544837 0.537266 0.538834 0.520696
0.642677 0.576622 0.632046 0.647594 0.644417 0.641026 0.629094 0.593338 0.589662 0.627829 0.578424 0.635963 0.576748 0.558357 0.617353 0.639865 0.609639 0.643661 0.697788 0.657296 0.631554 0.539222 0.601855 0.574942 0.618673 0.593573 0.592930 0.617361 0.632482 0.623999 0.601910 0.676047 0.606342 0.626023 0.604054 0.628704 0.607446 0.658909 0.630904 0.639463 0.688648 0.604825 0.654837 0.637193 0.643744 0.621941
0.632350 0.593472 0.630263 0.635582 0.513613 0.485315 0.532728 0.618962 0.609467 0.620449 0.564059 0.494278 0.561806 0.584757 0.626832 0.489814 0.631546 0.461861 0.531525 0.648358 0.493166 0.532861 0.531987 0.618673     -nan 0.600224 0.610689 0.643958 0.640994 0.629398 0.638331 0.546187 0.614942 0.626123 0.629771 0.531680 0.564680 0.517416 0.500037 0.613611 0.269169 0.609714 0.494411 0.508758 0.478890 0.483941
0.557298 0.566710 0.612472 0.567406 0.661312 0.641011 0.638219 0.557227 0.559178 0.542123 0.593256 0.660327 0.593810 0.524341 0.593130 0.647370 0.601780 0.647135 0.710669 0.575588 0.638897 0.510949 0.616451 0.593573 0.600224     -nan 0.599469 0.558330 0.562223 0.613259 0.578375 0.674596 0.637008 0.554385 0.575451 0.634342 0.603370 0.682403 0.632569 0.538527 0.678879 0.534675 0.670968 0.653279 0.665442 0.631945
0.646833 0.586136 0.633551 0.642097 0.653026 0.648902 0.643704 0.590978 0.577808 0.631808 0.580412 0.646846 0.592178 0.534601 0.630688 0.653017 0.614999 0.651677 0.704810 0.658732 0.644656 0.539835 0.614913 0.592930 0.610689 0.599469 0.589887 0.615092 0.639505 0.627985 0.596399 0.693409 0.627408 0.617433 0.599178 0.645323 0.626178 0.676389 0.632209 0.641432 0.684120 0.590262 0.662924 0.649716 0.651544 0.630547
0.636258 0.585656 0.650467 0.634327 0.680694 0.675986 0.664916 0.574757 0.570314 0.618164 0.625667 0.683703 0.620918 0.546458 0.622051 0.668551 0.628768 0.669840 0.746192 0.651991 0.664232 0.536632 0.641195 0.617361 0.643958 0.558330 0.615092     -nan 0.642108 0.654144 0.602163 0.722126 0.641345 0.610238 0.577402 0.667471 0.633180 0.707169 0.654238 0.627132 0.723333 0.592610 0.696058 0.673574 0.691792 0.640576
0.599665 0.610517 0.654578 0.595579 0.674057 0.673357 0.674132 0.613494 0.614886 0.590254 0.617485 0.685221 0.617261 0.590057 0.587198 0.678030 0.636942 0.670223 0.755621 0.614488 0.668010 0.570340 0.646987 0.632482 0.640994 0.562223 0.639505 0.642108     -nan 0.637380 0.631349 0.715103 0.651466 0.635590 0.632405 0.674362 0.647166 0.692020 0.650913 0.614929 0.723778 0.581247 0.661189 0.672453 0.675884 0.658664
0.654588 0.601256 0.545039 0.658646 0.647878 0.647421 0.638746 0.616828 0.611904 0.640781 0.601777 0.627293 0.599923 0.586150 0.638193 0.638632 0.510456 0.639139 0.695049 0.662234 0.627155 0.548873 0.613613 0.623999 0.629398 0.613259 0.627985 0.654144 0.637380 0.543037 0.626146 0.673739 0.654593 0.641154 0.620685 0.634224 0.588316 0.653691 0.629292 0.636392 0.684251 0.621816 0.661729 0.638423 0.637819 0.610338
0.640092 0.563642 0.629620 0.640015 0.659272 0.650556 0.644594 0.580113 0.572063 0.622821 0.585437 0.653404 0.593108 0.526335 0.605247 0.646567 0.622121 0.659020 0.717291 0.658822 0.647429 0.519987 0.613318 0.601910 0.638331 0.578375 0.596399 0.602163 0.631349 0.626146 0.547435 0.691034 0.635510 0.610863 0.568272 0.639568 0.623573 0.668152 0.642893 0.640868 0.711509 0.595205 0.651338 0.649923 0.637309 0.629237
0.719981 0.645278 0.689409 0.721326 0.530593 0.514595 0.557949 0.683719 0.672304 0.704831 0.621006 0.506567 0.611847 0.659921 0.680238 0.524296 0.672544 0.532866 0.497809 0.733496 0.517850 0.617588 0.582380 0.676047 0.546187 0.674596 0.693409 0.722126 0.715103 0.673739 0.691034 0.510446 0.670457 0.710046 0.699447 0.540370 0.603260 0.508120 0.518715 0.720623 0.554360 0.699750 0.483193 0.496084 0.515040 0.525573
0.665227 0.607608 0.667364 0.670660 0.632442 0.621104 0.612380 0.622173 0.620251 0.645236 0.566546 0.611073 0.565662 0.589825 0.634292 0.631343 0.647886 0.631800 0.696014 0.679546 0.617535 0.569904 0.584928 0.606342 0.614942 0.637008 0.627408 0.641345 0.651466 0.654593 0.635510 0.670457 0.398582 0.650891 0.645799 0.625091 0.613900 0.646873 0.608592 0.658286 0.651528 0.637152 0.654490 0.630024 0.617597 0.615976
0.609641 0.600171 0.651972 0.613129 0.680215 0.672765 0.664574 0.590730 0.590805 0.600095 0.606985 0.669501 0.610023 0.567523 0.621770 0.671823 0.644145 0.669648 0.730833 0.623211 0.664976 0.540147 0.630458 0.626023 0.626123 0.554385 0.617433 0.610238 0.635590 0.641154 0.610863 0.710046 0.650891 0.621002 0.607467 0.657338 0.646575 0.700996 0.667011 0.603837 0.705185 0.590316 0.689902 0.675015 0.675995 0.653359
0.647104 0.563222 0.623709 0.651341 0.663805 0.653993 0.645503 0.586176 0.564966 0.626915 0.600990 0.656579 0.603283 0.520818 0.625862 0.647672 0.628066 0.651092 0.702973 0.666045 0.640293 0.561848 0.622327 0.604054 0.629771 0.575451 0.599178 0.577402 0.632405 0.620685 0.568272 0.699447 0.645799 0.607467     -nan 0.647800 0.619951 0.674536 0.629427 0.634573 0.682988 0.600373 0.660047 0.643748 0.664294 0.646655
0.678233 0.595235 0.648070 0.680975 0.536202 0.522930 0.497519 0.636767 0.626247 0.662863 0.563592 0.511627 0.556579 0.604491 0.623699 0.526970 0.635280 0.535459 0.546550 0.692416 0.520626 0.574028 0.532061 0.628704 0.531680 0.634342 0.645323 0.667471 0.674362 0.634224 0.639568 0.540370 0.625091 0.657338 0.647800 0.494821 0.573307 0.522290 0.518655 0.679676 0.560501 0.644627 0.511995 0.513714 0.533667 0.515966
0.639569 0.582649 0.605297 0.650301 0.575615 0.571924 0.583210 0.610503 0.607821 0.637815 0.588063 0.561695 0.581249 0.578646 0.609570 0.573613 0.577185 0.574201 0.607937 0.663699 0.564256 0.567879 0.575964 0.607446 0.564680 0.603370 0.626178 0.633180 0.647166 0.588316 0.623573 0.603260 0.613900 0.646575 0.619951 0.573307     -nan 0.582685 0.555872 0.640402 0.613319 0.616152 0.574080 0.570724 0.575439 0.557065
0.712308 0.635138 0.665075 0.713823 0.515724 0.495435 0.543212 0.670838 0.666982 0.696143 0.605085 0.468003 0.597309 0.641548 0.672637 0.495773 0.662999 0.490167 0.510116 0.723466 0.486106 0.598367 0.556443 0.658909 0.517416 0.682403 0.676389 0.707169 0.692020 0.653691 0.668152 0.508120 0.646873 0.700996 0.674536 0.522290 0.582685 0.483105 0.491996 0.709541 0.511906 0.678071 0.477117 0.482052 0.472885 0.482205
0.663245 0.601240 0.648154 0.667863 0.491652 0.479526 0.525162 0.635047 0.623165 0.647361 0.575386 0.455436 0.566219 0.607112 0.630645 0.483777 0.635746 0.488965 0.507550 0.675322 0.476561 0.572663 0.545378 0.630904 0.500037 0.632569 0.632209 0.654238 0.650913 0.629292 0.642893 0.518715 0.608592 0.667011 0.629427 0.518655 0.555872 0.491996 0.477309 0.655639 0.509803 0.638190 0.445733 0.468377 0.479361 0.473601
0.546136 0.608901 0.652718 0.546980 0.680153 0.672941 0.677407 0.611035 0.607232 0.541783 0.621024 0.693093 0.618976 0.596357 0.603873 0.681110 0.641281 0.673202 0.758485 0.569587 0.676721 0.540742 0.633741 0.639463 0.613611 0.538527 0.641432 0.627132 0.614929 0.636392 0.640868 0.720623 0.658286 0.603837 0.634573 0.679676 0.640402 0.709541 0.655639     -nan 0.703621 0.546071 0.704717 0.681733 0.696647 0.663677
0.719822 0.654125 0.690679 0.721112 0.527446 0.497980 0.560524 0.685134 0.673187 0.697441 0.618029 0.480026 0.616811 0.654077 0.701150 0.495109 0.689962 0.448783 0.524713 0.727057 0.501735 0.606498 0.572908 0.688648 0.269169 0.678879 0.684120 0.723333 0.723778 0.684251 0.711509 0.554360 0.651528 0.705185 0.682988 0.560501 0.613319 0.511906 0.509803 0.703621     -nan 0.687569 0.492959 0.524979 0.474002 0.515047
0.555019 0.587301 0.636483 0.554978 0.651683 0.654201 0.650051 0.579214 0.572934 0.548755 0.597678 0.653216 0.595051 0.550482 0.589817 0.650575 0.606700 0.648448 0.723291 0.570104 0.640677 0.528658 0.614367 0.604825 0.609714 0.534675 0.590262 0.592610 0.581247 0.621816 0.595205 0.699750 0.637152 0.590316 0.600373 0.644627 0.616152 0.678071 0.638190 0.546071 0.687569 0.566298 0.670755 0.649380 0.661705 0.630050
0.703003 0.621467 0.670253 0.706855 0.478335 0.456985 0.530506 0.662101 0.650493 0.683784 0.599757 0.468841 0.587983 0.621192 0.651239 0.475665 0.667067 0.479344 0.434383 0.712202 0.468446 0.605945 0.544837 0.654837 0.494411 0.670968 0.662924 0.696058 0.661189 0.661729 0.651338 0.483193 0.654490 0.689902 0.660047 0.511995 0.574080 0.477117 0.445733 0.704717 0.492959 0.670755     -nan 0.467438 0.460143 0.474262
0.692945 0.606928 0.645900 0.694742 0.469330 0.485236 0.523741 0.648016 0.633361 0.675478 0.574412 0.482898 0.565611 0.613609 0.641737 0.476711 0.636091 0.492980 0.501238 0.706945 0.475367 0.585855 0.537266 0.637193 0.508758 0.653279 0.649716 0.673574 0.672453 0.638423 0.649923 0.496084 0.630024 0.675015 0.643748 0.513714 0.570724 0.482052 0.468377 0.681733 0.524979 0.649380 0.467438 0.485097 0.472842 0.461912
0.685355 0.616448 0.637673 0.689494 0.482223 0.468913 0.527511 0.654946 0.639851 0.671995 0.589531 0.470022 0.574423 0.628841 0.664421 0.457581 0.636179 0.479792 0.519515 0.700904 0.457258 0.572139 0.538834 0.643744 0.478890 0.665442 0.651544 0.691792 0.675884 0.637819 0.637309 0.515040 0.617597 0.675995 0.664294 0.533667 0.575439 0.472885 0.479361 0.696647 0.474002 0.661705 0.460143 0.472842     -nan 0.442305
0.666737 0.597556 0.618979 0.673926 0.486706 0.480866 0.523715 0.625736 0.610806 0.655794 0.567107 0.454663 0.561563 0.615241 0.646523 0.481196 0.605700 0.482600 0.537382 0.681857 0.475197 0.569462 0.520696 0.621941 0.483941 0.631945 0.630547 0.640576 0.658664 0.610338 0.629237 0.525573 0.615976 0.653359 0.646655 0.515966 0.557065 0.482205 0.473601 0.663677 0.515047 0.630050 0.474262 0.461912 0.442305     -nan
