0.514956 0.617201 0.661440 0.532350 0.678123 0.671967 0.666382 0.611624 0.607087 0.531656 0.623808 0.667646 0.622250 0.619318 0.574275 0.672540 0.651640 0.684036 0.694896 0.529695 0.672632 0.620912 0.663058 0.623996 0.674888 0.592003 0.613200 0.613003 0.616532 0.656873 0.613282 0.702026 0.663022 0.613319 0.629958 0.662084 0.662616 0.674415 0.666771 0.547530 0.719119 0.563673 0.662214 0.668999 0.662495 0.668810
0.617201 0.553671 0.611712 0.617126 0.625672 0.619520 0.613864 0.577225 0.567911 0.608197 0.571293 0.615204 0.569549 0.579369 0.614130 0.620097 0.602127 0.631597 0.642439 0.628851 0.620188 0.568658 0.610465 0.569221 0.622452 0.579683 0.564766 0.585704 0.625071 0.607364 0.563017 0.649571 0.609661 0.585364 0.578284 0.609566 0.610972 0.621975 0.614332 0.606425 0.666683 0.584050 0.609758 0.616549 0.610048 0.616369
0.661440 0.611712 0.520089 0.661567 0.648697 0.642322 0.642291 0.626364 0.616967 0.652577 0.613679 0.637783 0.612961 0.628656 0.657104 0.642743 0.532403 0.654001 0.665893 0.672934 0.642846 0.612125 0.638122 0.621100 0.644671 0.627555 0.616234 0.632530 0.661188 0.536213 0.612306 0.672884 0.651238 0.634061 0.619065 0.637674 0.595694 0.644489 0.636691 0.651273 0.688912 0.630057 0.633086 0.639480 0.632888 0.638895
0.532350 0.617126 0.661567 0.514952 0.678070 0.671914 0.666317 0.611422 0.607007 0.535502 0.623713 0.667593 0.622154 0.619127 0.575812 0.672488 0.651772 0.683984 0.694842 0.546099 0.672579 0.620814 0.662996 0.623897 0.674836 0.591544 0.613104 0.613227 0.618309 0.657005 0.613213 0.701972 0.662933 0.613020 0.629922 0.662021 0.662640 0.674363 0.666719 0.542678 0.719067 0.562728 0.662160 0.668945 0.662442 0.668758
0.678123 0.625672 0.648697 0.678070 0.489952 0.495899 0.541112 0.638732 0.631730 0.669140 0.580932 0.492640 0.584034 0.634226 0.674991 0.497613 0.639623 0.509214 0.522847 0.689752 0.497721 0.583712 0.556085 0.623276 0.500505 0.640037 0.628837 0.648738 0.685007 0.643548 0.628916 0.529005 0.617937 0.644353 0.642462 0.534814 0.577598 0.499189 0.491632 0.667409 0.544717 0.645122 0.487503 0.490362 0.487450 0.493796
0.671967 0.619520 0.642322 0.671914 0.495899 0.438047 0.535087 0.632586 0.625578 0.662985 0.574907 0.477318 0.577998 0.628098 0.668832 0.481533 0.633249 0.495542 0.510026 0.683595 0.481523 0.577674 0.550331 0.617157 0.486868 0.633890 0.622690 0.642583 0.678834 0.637165 0.622759 0.515608 0.611927 0.638212 0.636289 0.528787 0.570349 0.485912 0.483495 0.661255 0.531069 0.638970 0.476289 0.487236 0.467583 0.479326
0.666382 0.613864 0.642291 0.666317 0.541112 0.535087 0.504329 0.626720 0.619904 0.657392 0.565572 0.531216 0.568796 0.621692 0.663326 0.535912 0.633149 0.547982 0.555737 0.678019 0.535971 0.568483 0.547498 0.610520 0.539128 0.628018 0.616870 0.636994 0.673713 0.637311 0.617241 0.563368 0.603921 0.632175 0.631218 0.504652 0.586510 0.538218 0.531129 0.655634 0.583345 0.633279 0.523674 0.532344 0.525352 0.532520
0.611624 0.577225 0.626364 0.611422 0.638732 0.632586 0.626720 0.553606 0.568558 0.602568 0.583412 0.628275 0.581823 0.577293 0.609721 0.633167 0.616698 0.644674 0.655482 0.623351 0.633258 0.580428 0.623454 0.583390 0.635534 0.568853 0.572035 0.585607 0.623984 0.621916 0.573888 0.662619 0.622770 0.573327 0.591229 0.622439 0.625064 0.635048 0.627412 0.600450 0.679765 0.577216 0.622806 0.629612 0.623112 0.629442
0.607087 0.567911 0.616967 0.607007 0.631730 0.625578 0.619904 0.568558 0.553539 0.598067 0.577168 0.621261 0.575534 0.577337 0.603902 0.626154 0.607286 0.637653 0.648495 0.618746 0.626245 0.574347 0.616564 0.576186 0.628508 0.571130 0.563758 0.572426 0.615463 0.612532 0.562669 0.655628 0.616161 0.578818 0.580446 0.615610 0.616923 0.628031 0.620389 0.596305 0.672740 0.573962 0.615816 0.622607 0.616105 0.622426
0.531656 0.608197 0.652577 0.535502 0.669140 0.662985 0.657392 0.602568 0.598067 0.516187 0.614799 0.658664 0.613240 0.610262 0.564065 0.663558 0.642780 0.675054 0.685913 0.544388 0.663650 0.611902 0.654070 0.614980 0.665906 0.582823 0.604180 0.604078 0.609054 0.648014 0.604276 0.693043 0.654016 0.604221 0.620978 0.653095 0.653685 0.665433 0.657789 0.540616 0.710138 0.554383 0.653231 0.660016 0.653513 0.659828
0.623808 0.571293 0.613679 0.623713 0.580932 0.574907 0.565572 0.583412 0.577168 0.614799 0.507330 0.570725 0.515499 0.576790 0.620970 0.575577 0.604296 0.587225 0.597408 0.635467 0.575661 0.515282 0.563072 0.565026 0.578189 0.584669 0.573749 0.594472 0.632332 0.609044 0.574966 0.604631 0.558994 0.588356 0.590096 0.561496 0.588919 0.577537 0.569998 0.612967 0.622416 0.590429 0.564811 0.571870 0.565407 0.571923
0.667646 0.615204 0.637783 0.667593 0.492640 0.477318 0.531216 0.628275 0.621261 0.658664 0.570725 0.462540 0.573806 0.623807 0.664508 0.470380 0.628712 0.484789 0.506852 0.679274 0.470735 0.573480 0.546197 0.612875 0.476143 0.629580 0.618379 0.638262 0.674495 0.632617 0.618436 0.512035 0.607734 0.633908 0.631949 0.524925 0.565038 0.476808 0.477424 0.656935 0.520329 0.634653 0.473980 0.483382 0.465018 0.467477
0.622250 0.569549 0.612961 0.622154 0.584034 0.577998 0.568796 0.581823 0.575534 0.613240 0.515499 0.573806 0.509274 0.575356 0.619417 0.578659 0.603560 0.590298 0.600519 0.633910 0.578744 0.515773 0.566765 0.563047 0.581253 0.583113 0.572069 0.592862 0.630818 0.608349 0.573312 0.607737 0.559997 0.586829 0.588513 0.564740 0.590210 0.580616 0.573071 0.611406 0.625480 0.588863 0.567919 0.574969 0.568498 0.575001
0.619318 0.579369 0.628656 0.619127 0.634226 0.628098 0.621692 0.577293 0.577337 0.610262 0.576790 0.623807 0.575356 0.549577 0.617311 0.628692 0.619045 0.640220 0.650935 0.631040 0.628782 0.573323 0.618622 0.580130 0.631096 0.575513 0.575387 0.594188 0.631398 0.624195 0.578891 0.658084 0.617202 0.574538 0.595621 0.617447 0.623777 0.630586 0.622963 0.608175 0.675327 0.584993 0.618270 0.625115 0.618620 0.624979
0.574275 0.614130 0.657104 0.575812 0.674991 0.668832 0.663326 0.609721 0.603902 0.564065 0.620970 0.664508 0.619417 0.617311 0.520280 0.669404 0.647266 0.680896 0.691770 0.585946 0.669495 0.618107 0.659983 0.621130 0.671746 0.592454 0.610259 0.606388 0.602494 0.652505 0.610114 0.698899 0.660134 0.612346 0.626605 0.659024 0.658971 0.671277 0.663630 0.570239 0.715977 0.569356 0.659087 0.665866 0.659362 0.665672
0.672540 0.620097 0.642743 0.672488 0.497613 0.481533 0.535912 0.633167 0.626154 0.663558 0.575577 0.470380 0.578659 0.628692 0.669404 0.465664 0.633672 0.490947 0.510099 0.684169 0.467979 0.578335 0.551076 0.617757 0.482294 0.634472 0.623270 0.643157 0.679395 0.637580 0.623331 0.515066 0.612595 0.638797 0.636849 0.529616 0.570209 0.482766 0.482950 0.661829 0.526479 0.639546 0.477568 0.488553 0.467709 0.473818
0.651640 0.602127 0.532403 0.651772 0.639623 0.633249 0.633149 0.616698 0.607286 0.642780 0.604296 0.628712 0.603560 0.619045 0.647266 0.633672 0.518684 0.644932 0.656811 0.663130 0.633774 0.602719 0.629027 0.611554 0.635605 0.617865 0.606601 0.622785 0.651181 0.526362 0.602635 0.663805 0.641889 0.624403 0.609217 0.628537 0.586911 0.635419 0.627623 0.641490 0.679845 0.620306 0.624008 0.630407 0.623814 0.629825
0.684036 0.631597 0.654001 0.683984 0.509214 0.495542 0.547982 0.644674 0.637653 0.675054 0.587225 0.484789 0.590298 0.640220 0.680896 0.490947 0.644932 0.463777 0.525400 0.695663 0.491254 0.589972 0.562723 0.629295 0.456081 0.645979 0.634776 0.654652 0.690871 0.648829 0.634824 0.530756 0.624223 0.650311 0.648323 0.541699 0.580612 0.493096 0.493203 0.673326 0.500787 0.651046 0.492209 0.499715 0.484616 0.484405
0.694896 0.642439 0.665893 0.694842 0.522847 0.510026 0.555737 0.655482 0.648495 0.685913 0.597408 0.506852 0.600519 0.650935 0.691770 0.510099 0.656811 0.525400 0.485759 0.706525 0.509891 0.600197 0.573342 0.639966 0.516703 0.656787 0.645591 0.665511 0.701817 0.660756 0.645694 0.514484 0.634548 0.661090 0.659275 0.549378 0.595834 0.516236 0.513003 0.684179 0.560904 0.661887 0.482363 0.515779 0.495919 0.509124
0.529695 0.628851 0.672934 0.546099 0.689752 0.683595 0.678019 0.623351 0.618746 0.544388 0.635467 0.679274 0.633910 0.631040 0.585946 0.684169 0.663130 0.695663 0.706525 0.518906 0.684260 0.632574 0.674694 0.635660 0.686515 0.603897 0.624866 0.624489 0.626693 0.668364 0.624928 0.713655 0.674677 0.625108 0.641578 0.673721 0.674187 0.686043 0.678398 0.560342 0.730747 0.575827 0.673843 0.680627 0.674124 0.680438
0.672632 0.620188 0.642846 0.672579 0.497721 0.481523 0.535971 0.633258 0.626245 0.663650 0.575661 0.470735 0.578744 0.628782 0.669495 0.467979 0.633774 0.491254 0.509891 0.684260 0.465487 0.578419 0.551164 0.617847 0.482599 0.634563 0.623361 0.643248 0.679488 0.637683 0.623423 0.514804 0.612680 0.638888 0.636942 0.529674 0.570347 0.483021 0.483145 0.661921 0.526786 0.639638 0.477422 0.488694 0.467491 0.474153
0.620912 0.568658 0.612125 0.620814 0.583712 0.577674 0.568483 0.580428 0.574347 0.611902 0.515282 0.573480 0.515773 0.573323 0.618107 0.578335 0.602719 0.589972 0.600197 0.632574 0.578419 0.508019 0.566536 0.562087 0.580926 0.581635 0.570915 0.591657 0.629584 0.607514 0.572258 0.607415 0.562342 0.585201 0.587503 0.564429 0.589664 0.580290 0.572745 0.610059 0.625153 0.587497 0.567597 0.574647 0.568174 0.574676
0.663058 0.610465 0.638122 0.662996 0.556085 0.550331 0.547498 0.623454 0.616564 0.654070 0.563072 0.546197 0.566765 0.618622 0.659983 0.551076 0.629027 0.562723 0.573342 0.674694 0.551164 0.566536 0.504580 0.607488 0.553785 0.624766 0.613560 0.633643 0.670295 0.633170 0.613846 0.580454 0.597050 0.628975 0.627735 0.542015 0.584656 0.552952 0.545273 0.652318 0.598007 0.629977 0.540532 0.546926 0.540952 0.547384
0.623996 0.569221 0.621100 0.623897 0.623276 0.617157 0.610520 0.583390 0.576186 0.614980 0.565026 0.612875 0.563047 0.580130 0.621130 0.617757 0.611554 0.629295 0.639966 0.635660 0.617847 0.562087 0.607488 0.553761 0.620179 0.585229 0.571855 0.593784 0.632715 0.616666 0.573693 0.647122 0.605224 0.589606 0.589552 0.606288 0.614358 0.619656 0.612040 0.613147 0.664409 0.590608 0.607308 0.614169 0.607677 0.614048
0.674888 0.622452 0.644671 0.674836 0.500505 0.486868 0.539128 0.635534 0.628508 0.665906 0.578189 0.476143 0.581253 0.631096 0.671746 0.482294 0.635605 0.456081 0.516703 0.686515 0.482599 0.580926 0.553785 0.620179 0.355878 0.636839 0.625635 0.645505 0.681708 0.639493 0.625674 0.522065 0.615185 0.641176 0.639158 0.532849 0.570519 0.484449 0.484497 0.664179 0.403403 0.641901 0.483511 0.491005 0.475950 0.475772
0.592003 0.579683 0.627555 0.591544 0.640037 0.633890 0.628018 0.568853 0.571130 0.582823 0.584669 0.629580 0.583113 0.575513 0.592454 0.634472 0.617865 0.645979 0.656787 0.603897 0.634563 0.581635 0.624766 0.585229 0.636839 0.530507 0.575216 0.584918 0.613808 0.623075 0.576498 0.663924 0.624155 0.563473 0.593594 0.623738 0.626364 0.636353 0.628717 0.580012 0.681070 0.554879 0.624111 0.630917 0.624417 0.630747
0.613200 0.564766 0.616234 0.613104 0.628837 0.622690 0.616870 0.572035 0.563758 0.604180 0.573749 0.618379 0.572069 0.575387 0.610259 0.623270 0.606601 0.634776 0.645591 0.624866 0.623361 0.570915 0.613560 0.571855 0.625635 0.575216 0.553834 0.581709 0.621958 0.611825 0.563503 0.652727 0.612806 0.580825 0.580681 0.612584 0.614981 0.625151 0.617513 0.602360 0.669866 0.579857 0.612915 0.619717 0.613216 0.619545
0.613003 0.585704 0.632530 0.613227 0.648738 0.642583 0.636994 0.585607 0.572426 0.604078 0.594472 0.638262 0.592862 0.594188 0.606388 0.643157 0.622785 0.654652 0.665511 0.624489 0.643248 0.591657 0.633643 0.593784 0.645505 0.584918 0.581709 0.541968 0.611751 0.628035 0.580685 0.672641 0.633477 0.594583 0.598051 0.632696 0.633346 0.645032 0.637387 0.603215 0.689736 0.583328 0.632829 0.639614 0.633111 0.639426
0.616532 0.625071 0.661188 0.618309 0.685007 0.678834 0.673713 0.623984 0.615463 0.609054 0.632332 0.674495 0.630818 0.631398 0.602494 0.679395 0.651181 0.690871 0.701817 0.626693 0.679488 0.629584 0.670295 0.632715 0.681708 0.613808 0.621958 0.611751 0.485977 0.656430 0.620939 0.708935 0.671314 0.629147 0.636163 0.669389 0.666441 0.681259 0.673602 0.611366 0.725941 0.600469 0.669124 0.675875 0.669366 0.675655
0.656873 0.607364 0.536213 0.657005 0.643548 0.637165 0.637311 0.621916 0.612532 0.648014 0.609044 0.632617 0.608349 0.624195 0.652505 0.637580 0.526362 0.648829 0.660756 0.668364 0.637683 0.607514 0.633170 0.616666 0.639493 0.623075 0.611825 0.628035 0.656430 0.520966 0.607913 0.667743 0.646603 0.629597 0.614602 0.632686 0.589126 0.639321 0.631518 0.646721 0.683734 0.625534 0.627946 0.634329 0.627732 0.633728
0.613282 0.563017 0.612306 0.613213 0.628916 0.622759 0.617241 0.573888 0.562669 0.604276 0.574966 0.618436 0.573312 0.578891 0.610114 0.623331 0.602635 0.634824 0.645694 0.624928 0.623423 0.572258 0.613846 0.573693 0.625674 0.576498 0.563503 0.580685 0.620939 0.607913 0.553654 0.652823 0.613655 0.582980 0.572896 0.612937 0.613187 0.625205 0.617559 0.602527 0.669906 0.580212 0.613010 0.619791 0.613287 0.619600
0.702026 0.649571 0.672884 0.701972 0.529005 0.515608 0.563368 0.662619 0.655628 0.693043 0.604631 0.512035 0.607737 0.658084 0.698899 0.515066 0.663805 0.530756 0.514484 0.713655 0.514804 0.607415 0.580454 0.647122 0.522065 0.663924 0.652727 0.672641 0.708935 0.667743 0.652823 0.500465 0.641746 0.668231 0.666393 0.557022 0.602415 0.521669 0.518777 0.691310 0.566264 0.669019 0.489937 0.521809 0.501252 0.514405
0.663022 0.609661 0.651238 0.662933 0.617937 0.611927 0.603921 0.622770 0.616161 0.654016 0.558994 0.607734 0.559997 0.617202 0.660134 0.612595 0.641889 0.624223 0.634548 0.674677 0.612680 0.562342 0.597050 0.605224 0.615185 0.624155 0.612806 0.633477 0.671314 0.646603 0.613655 0.641746 0.410429 0.628096 0.628591 0.599647 0.625461 0.614534 0.606964 0.652199 0.659411 0.629703 0.601916 0.608855 0.602446 0.608927
0.613319 0.585364 0.634061 0.613020 0.644353 0.638212 0.632175 0.573327 0.578818 0.604221 0.588356 0.633908 0.586829 0.574538 0.612346 0.638797 0.624403 0.650311 0.661090 0.625108 0.638888 0.585201 0.628975 0.589606 0.641176 0.563473 0.580825 0.594583 0.629147 0.629597 0.582980 0.668231 0.628096 0.553674 0.600032 0.627906 0.631687 0.640683 0.633050 0.601833 0.685407 0.577877 0.628418 0.635236 0.628737 0.635076
0.629958 0.578284 0.619065 0.629922 0.642462 0.636289 0.631218 0.591229 0.580446 0.620978 0.590096 0.631949 0.588513 0.595621 0.626605 0.636849 0.609217 0.648323 0.659275 0.641578 0.636942 0.587503 0.627735 0.589552 0.639158 0.593594 0.580681 0.598051 0.636163 0.614602 0.572896 0.666393 0.628591 0.600032 0.537521 0.626887 0.623810 0.638712 0.631054 0.619303 0.683391 0.597171 0.626581 0.633330 0.626821 0.633108
0.662084 0.609566 0.637674 0.662021 0.534814 0.528787 0.504652 0.622439 0.615610 0.653095 0.561496 0.524925 0.564740 0.617447 0.659024 0.529616 0.628537 0.541699 0.549378 0.673721 0.529674 0.564429 0.542015 0.606288 0.532849 0.623738 0.612584 0.632696 0.669389 0.632686 0.612937 0.557022 0.599647 0.627906 0.626887 0.497764 0.581167 0.531933 0.524858 0.651339 0.577066 0.628988 0.517333 0.526056 0.519045 0.526232
0.662616 0.610972 0.595694 0.662640 0.577598 0.570349 0.586510 0.625064 0.616923 0.653685 0.588919 0.565038 0.590210 0.623777 0.658971 0.570209 0.586911 0.580612 0.595834 0.674187 0.570347 0.589664 0.584656 0.614358 0.570519 0.626364 0.614981 0.633346 0.666441 0.589126 0.613187 0.602415 0.625461 0.631687 0.623810 0.581167 0.358833 0.571568 0.563419 0.652135 0.614795 0.630307 0.562698 0.568128 0.560970 0.565975
0.674415 0.621975 0.644489 0.674363 0.499189 0.485912 0.538218 0.635048 0.628031 0.665433 0.577537 0.476808 0.580616 0.630586 0.671277 0.482766 0.635419 0.493096 0.516236 0.686043 0.483021 0.580290 0.552952 0.619656 0.484449 0.636353 0.625151 0.645032 0.681259 0.639321 0.625205 0.521669 0.614534 0.640683 0.638712 0.531933 0.571568 0.476742 0.483265 0.663705 0.528659 0.641424 0.482904 0.489598 0.475859 0.477534
0.666771 0.614332 0.636691 0.666719 0.491632 0.483495 0.531129 0.627412 0.620389 0.657789 0.569998 0.477424 0.573071 0.622963 0.663630 0.482950 0.627623 0.493203 0.513003 0.678398 0.483145 0.572745 0.545273 0.612040 0.484497 0.628717 0.617513 0.637387 0.673602 0.631518 0.617559 0.518777 0.606964 0.633050 0.631054 0.524858 0.563419 0.483265 0.464810 0.656061 0.528714 0.633782 0.479048 0.481497 0.474672 0.478157
0.547530 0.606425 0.651273 0.542678 0.667409 0.661255 0.655634 0.600450 0.596305 0.540616 0.612967 0.656935 0.611406 0.608175 0.570239 0.661829 0.641490 0.673326 0.684179 0.560342 0.661921 0.610059 0.652318 0.613147 0.664179 0.580012 0.602360 0.603215 0.611366 0.646721 0.602527 0.691310 0.652199 0.601833 0.619303 0.651339 0.652135 0.663705 0.656061 0.516587 0.708410 0.550109 0.651499 0.658286 0.651783 0.658099
0.719119 0.666683 0.688912 0.719067 0.544717 0.531069 0.583345 0.679765 0.672740 0.710138 0.622416 0.520329 0.625480 0.675327 0.715977 0.526479 0.679845 0.500787 0.560904 0.730747 0.526786 0.625153 0.598007 0.664409 0.403403 0.681070 0.669866 0.689736 0.725941 0.683734 0.669906 0.566264 0.659411 0.685407 0.683391 0.577066 0.614795 0.528659 0.528714 0.708410 0.355878 0.686133 0.527714 0.535219 0.520144 0.519961
0.563673 0.584050 0.630057 0.562728 0.645122 0.638970 0.633279 0.577216 0.573962 0.554383 0.590429 0.634653 0.588863 0.584993 0.569356 0.639546 0.620306 0.651046 0.661887 0.575827 0.639638 0.587497 0.629977 0.590608 0.641901 0.554879 0.579857 0.583328 0.600469 0.625534 0.580212 0.669019 0.629703 0.577877 0.597171 0.628988 0.630307 0.641424 0.633782 0.550109 0.686133 0.521595 0.629207 0.636000 0.629498 0.635818
0.662214 0.609758 0.633086 0.662160 0.487503 0.476289 0.523674 0.622806 0.615816 0.653231 0.564811 0.473980 0.567919 0.618270 0.659087 0.477568 0.624008 0.492209 0.482363 0.673843 0.477422 0.567597 0.540532 0.607308 0.483511 0.624111 0.612915 0.632829 0.669124 0.627946 0.613010 0.489937 0.601916 0.628418 0.626581 0.517333 0.562698 0.482904 0.479048 0.651499 0.527714 0.629207 0.434122 0.481211 0.463313 0.476066
0.668999 0.616549 0.639480 0.668945 0.490362 0.487236 0.532344 0.629612 0.622607 0.660016 0.571870 0.483382 0.574969 0.625115 0.665866 0.488553 0.630407 0.499715 0.515779 0.680627 0.488694 0.574647 0.546926 0.614169 0.491005 0.630917 0.619717 0.639614 0.675875 0.634329 0.619791 0.521809 0.608855 0.635236 0.633330 0.526056 0.568128 0.489598 0.481497 0.658286 0.535219 0.636000 0.481211 0.479452 0.479082 0.484401
0.662495 0.610048 0.632888 0.662442 0.487450 0.467583 0.525352 0.623112 0.616105 0.653513 0.565407 0.465018 0.568498 0.618620 0.659362 0.467709 0.623814 0.484616 0.495919 0.674124 0.467491 0.568174 0.540952 0.607677 0.475950 0.624417 0.613216 0.633111 0.669366 0.627732 0.613287 0.501252 0.602446 0.628737 0.626821 0.519045 0.560970 0.475859 0.474672 0.651783 0.520144 0.629498 0.463313 0.479082 0.438338 0.467901
0.668810 0.616369 0.638895 0.668758 0.493796 0.479326 0.532520 0.629442 0.622426 0.659828 0.571923 0.467477 0.575001 0.624979 0.665672 0.473818 0.629825 0.484405 0.509124 0.680438 0.474153 0.574676 0.547384 0.614048 0.475772 0.630747 0.619545 0.639426 0.675655 0.633728 0.619600 0.514405 0.608927 0.635076 0.633108 0.526232 0.565975 0.477534 0.478157 0.658099 0.519961 0.635818 0.476066 0.484401 0.467901 0.465956
