0,529.763619549256,480.643303762852,512.083325391708,529.528189686179,474.335645379543,544.837150048757,539.915813722595,470.632132685968,529.528189686179,471.641107572169,470.596271134449,466.838680254776,471.885220321669,351.345088491472,532.285383335284,488.600188220456,463.883788140781,304.135676822932,483.034056696214,480.331286586829,526.342594020445,342.767507318406,535.489751514631,511.555154958855,510.612431986882,508.90414974957,464.874995656479,564.106464096196,521.438401326054,507.52965805151,490.570830629297,510.266913958226,458.662993554084,535.489751514631,470.632132685968,471.855889786733,509.660381676598,469.222662688856,469.515550361875,514.359058506294,500.340857927084,544.837150048757,489.350897545767,476.522702916198,476.910674333606,529.420827685679,529.420827685679,482.340904845735,509.660381676598,487.557452128759,465.956557353372,544.837150048757,483.891035027626,493.38192853709,495.349671291693,485.57829965245,529.528189686179,485.071574682643,539.915813722595,330.060328524951,504.101985953717,340.371865526393,469.880491339741,471.590236783112,471.925258697662,471.951739186748,467.940435226939,471.590236783112,564.106464096196,470.719688242013,495.291294900676,481.935061932465,466.661431782153,502.784575099474,474.966772965975,469.567606740786,536.067141002324,516.713400819651,480.643303762852,472.31734580652,537.52754499877,471.641107572169,512.013810255437,493.834901922653,504.066716300264,458.053227293354,529.161098287221,506.645684605724,496.069406493111,381.295282382246,460.031026259772,494.311693011919,535.59917604057,502.541678785672,518.958781383503,461.967977051926,509.269256919212,509.660381676598,504.724817701899,497.029697612608,502.541678785672,526.342594020445,471.925258697662,516.713400819651,469.152770577084,503.206857641415,468.390444955207,469.567606740786,513.10236359036,550.615034884806,510.478398704417,471.42520167996,498.354878177001,535.59917604057,500.340857927084,537.151900779848,470.632132685968,473.339642516311,461.967977051926,466.795353646102,564.106464096196,411.835298603223,472.258540908355,472.917657338595,510.478398704417,503.190426811587,460.946913871522,541.192320087998,512.859535865028,488.30393000458,508.830331481314,516.587713209734,473.11588147948,474.966772965975,534.040535264885,529.420827685679,481.935061932465,471.855889786733,534.040535264885,500.340857927084,550.615034884806,502.784575099474,509.660381676598,504.724817701899,503.170228761261,508.831503948271,472.258540908355,503.206857641415,509.660381676598,536.067141002324,503.190426811587,550.669093322714,238.855776880546,468.390444955207,471.506899894873,509.660381676598,503.931402697501,469.85378200569,546.233244694951,470.632132685968,537.151900779848,491.713173606335,485.368552910476,459.827344988242,470.939563896081,361.139927100129,504.066716300264,506.488648987515,504.066716300264,505.695024642205,527.263670956542,521.438401326054,471.833264029965,501.461234178778,468.390444955207,504.112821194347,523.959656344135,472.992363986522,518.958781383503,500.57479212345,542.837711915308,564.106464096196,378.646174151022,504.066716300264,526.342594020445,472.118350794742,487.16323893476,459.827344988242
529.763619549256,0,418.78627759228,48.3494962767125,20.7107735601713,301.816039692883,38.3720974450678,32.6943879268695,291.560435228042,20.7107735601713,294.952073036492,302.190339513431,279.971962279497,298.117109981553,532.041012503976,469.139579036858,330.175285692052,319.432582307618,529.900604837854,204.915189423724,311.080849141084,21.7214767397685,522.22810418658,27.8034916578852,192.523215267935,73.8589432085917,133.541346718729,338.64340253443,57.6275120512527,29.8937776013662,449.205833484991,124.896199840266,417.514278459281,333.32359580584,27.8034916578852,291.560435228042,301.044241223878,409.708589208353,288.30840253699,290.514128693903,41.5766635510551,160.464459194601,38.3720974450678,140.07563012561,247.928818010151,415.18142347157,29.8974600138246,29.8974600138246,354.544523850845,409.708589208353,138.408003495045,342.688069713136,38.3720974450678,151.267814158328,283.134055477071,435.120722981558,310.812547511475,20.7107735601713,150.885292490218,32.6943879268695,531.897947871023,370.506928796251,533.531602084429,291.307291892936,301.746293716045,297.172301477997,296.717293098993,281.918671378114,301.746293716045,57.6275120512527,296.299122497229,428.510976650594,314.049849725426,277.434185897869,131.458937126955,413.610761465096,286.729135850998,42.0913721275582,141.835564159771,418.78627759228,306.762861447168,32.6233616284546,294.952073036492,52.7900089129443,169.95620011125,139.90272221192,340.357037486227,127.705767790392,174.419018228133,420.22156182866,537.009576516029,285.966617970446,393.317662778751,29.3126157574713,137.601328014477,35.4862763454281,276.927325657829,414.119870666789,409.708589208353,128.301248304763,89.6543444795194,137.601328014477,21.7214767397685,297.172301477997,141.835564159771,263.923604478754,133.383959654256,281.830827514163,286.729135850998,98.4895692908845,44.1418430413133,84.9796764670531,299.489426344386,131.070814487619,29.3126157574713,160.464459194601,28.3118027871787,291.560435228042,294.564841574677,276.927325657829,268.564864672036,57.6275120512527,533.266088929046,299.464969479396,411.687122919209,84.9796764670531,134.781102746601,335.981087827273,176.260445953355,82.881111988824,139.67270057316,90.8147606335998,38.3298299289714,234.749765458382,413.610761465096,33.0274722193617,29.8974600138246,314.049849725426,301.044241223878,33.0274722193617,160.464459194601,44.1418430413133,131.458937126955,409.708589208353,128.301248304763,87.1564517169499,412.206908586259,299.464969479396,133.383959654256,409.708589208353,42.0913721275582,134.781102746601,486.713152753577,528.056326490709,281.830827514163,296.329291961812,409.708589208353,134.116489027324,289.856793624434,38.9278578405488,291.560435228042,28.3118027871787,337.396946664954,149.705207102656,341.885627078987,293.375637439181,519.216448785475,139.90272221192,130.6566885959,139.90272221192,130.894883944155,18.3207330559608,29.8937776013662,298.543844173063,373.413315814529,281.830827514163,141.359692949999,29.0078363760434,306.926611006715,35.4862763454281,364.750426051109,35.1812078240945,57.6275120512527,530.342117647353,139.90272221192,21.7214767397685,302.792622405831,142.312084811521,341.885627078987
480.643303762852,418.78627759228,0,401.095170927722,418.547746958452,342.792192206757,433.854750460157,428.934039662841,332.326593518196,418.547746958452,332.718646623954,332.609817532146,330.060190743853,331.248973342602,481.282075943308,94.975976713723,360.159727784155,295.482125583944,477.36982837426,371.285904910707,355.505620454918,415.361747504504,482.126313245419,424.508302226842,404.729463714506,399.684403260299,398.957682561645,283.99059032848,453.123950206995,410.454902202716,256.700175471601,378.942824116582,367.142801637791,283.386383617104,424.508302226842,332.326593518196,329.436988959423,370.957783292531,330.538528578614,329.105906002487,403.376827869449,391.863016579185,433.854750460157,379.955953965075,348.288368445431,25.7060041608089,418.4363030955,418.4363030955,329.533316185764,370.957783292531,377.965315470629,296.307018604753,433.854750460157,372.712122432042,389.005298237515,251.394681119445,402.46749809927,418.547746958452,373.610703352067,428.934039662841,478.472780186993,388.525722875903,480.664231803662,330.576245813002,329.335515528882,333.450443885756,332.180963597526,331.350394620948,329.335515528882,453.123950206995,320.568241493679,447.615249247399,357.716118308522,329.415511050072,392.938031854171,44.9285100862941,332.633411036237,425.077895790751,406.783389985613,0,332.500425041401,426.544736996537,332.718646623954,401.009500395822,381.764874707273,394.461754853904,279.887482914434,417.646672504986,398.693056350657,236.245254739587,481.499449686637,310.694098552767,385.836649992992,424.617101539016,392.891011181185,407.971460139709,319.825826358761,366.275378189375,370.957783292531,394.74280196938,386.373857863571,392.891011181185,415.361747504504,333.450443885756,406.783389985613,336.734094455895,393.413100009868,332.742118231861,332.633411036237,401.791432085149,439.632558820994,399.33073752673,337.455341154507,386.314786707547,424.617101539016,391.863016579185,426.170913038116,332.326593518196,325.500784926656,319.825826358761,332.756719755434,453.123950206995,478.033115228745,331.81203179355,48.7562840135627,399.33073752673,393.441328526969,287.289784842598,431.573423594602,401.697922279935,378.877604768808,397.609787031095,405.601805785108,347.910820783272,44.9285100862941,423.05608549514,418.4363030955,357.716118308522,329.436988959423,423.05608549514,391.863016579185,439.632558820994,392.938031854171,370.957783292531,394.74280196938,392.336080254575,368.647113759688,331.81203179355,393.413100009868,370.957783292531,425.077895790751,393.441328526969,129.959660238196,476.878447263183,332.742118231861,329.567008186699,370.957783292531,394.14323264569,331.350819480397,435.251578740315,332.326593518196,426.170913038116,362.120300102761,373.829257880364,283.285604066597,329.716283694104,481.840226395649,394.461754853904,396.526582628157,394.461754853904,395.760734092664,416.283988402688,410.454902202716,332.485995567224,384.33158567561,332.742118231861,394.55930759053,412.975452845146,318.072870089029,407.971460139709,370.436921195811,431.856233925666,453.123950206995,492.888393168978,394.461754853904,415.361747504504,328.780381001144,375.892877830078,283.285604066597
512.083325391708,48.3494962767125,401.095170927722,0,47.9281151255421,284.119487115254,63.3399005506158,58.3958527892955,273.8591587557,47.9281151255421,277.251281027632,284.492195350851,262.268723779509,280.41651227325,514.360202189916,451.44837982969,312.482196224887,301.733499810235,512.220170684241,187.230023780899,293.387790955964,44.618925602503,504.54878815614,53.9431005011805,174.979166995136,55.1767239345804,116.382591068008,320.946931505957,82.6290619619815,38.9467544393185,431.515200380997,107.006718370592,399.824172678059,315.627730747573,53.9431005011805,273.8591587557,283.343863138044,392.01846152083,270.606330902379,272.811923441952,25.6173727782205,142.983318904655,63.3399005506158,122.571307992118,230.209707028076,397.490326305006,47.6440734817967,47.6440734817967,336.850524641535,392.01846152083,120.87041359571,324.993015411297,63.3399005506158,133.558722654499,265.45992878646,417.429996596083,293.152460682584,47.9281151255421,133.157413948031,58.3958527892955,514.217500665973,352.819234754681,515.851250348558,273.605725523134,284.046258515843,279.472283543523,279.016594535063,264.21585348959,284.046258515843,82.6290619619815,278.594766352818,410.835552614745,296.357230878344,259.729743768382,114.207793872512,395.919688910745,269.02726586112,54.3813452537186,124.686105552965,401.095170927722,289.064777351105,55.9498709389044,277.251281027632,25.192479608344,152.223679827587,122.584232093282,322.662165373464,109.407367909992,156.909732643672,402.529576521184,519.329158193404,268.262685547303,375.631471172778,54.0329965443803,120.279183193964,35.4181929378152,259.221989682547,396.429640392111,392.01846152083,111.131333618116,72.6095572261052,120.279183193964,44.618925602503,279.472283543523,124.686105552965,246.215195434654,116.123801058919,264.128339786076,269.02726586112,79.9894364056231,69.1314779440022,65.8593530718616,281.791984518423,113.107443308199,54.0329965443803,142.983318904655,55.6259039963621,273.8591587557,276.859593903811,259.221989682547,250.858613587694,82.6290619619815,515.5845587119,281.764739004491,393.996060221172,65.8593530718616,117.505029864089,318.285422139575,158.957297336309,63.9143455047269,122.157056403194,72.0777004992597,31.3423142316905,217.028142606772,395.919688910745,52.3627426318213,47.6440734817967,296.357230878344,283.343863138044,52.3627426318213,142.983318904655,69.1314779440022,114.207793872512,392.01846152083,111.131333618116,69.5246828335851,394.516829724406,281.764739004491,116.123801058919,392.01846152083,54.3813452537186,117.505029864089,469.021895625015,510.375906542058,264.128339786076,278.627729691785,392.01846152083,116.862460297955,272.155119812515,64.7402479873379,273.8591587557,55.6259039963621,319.703990280894,131.96926073386,324.190829193977,275.673572281138,501.537410455073,122.584232093282,113.492910510461,122.584232093282,113.712533339285,45.6475893931667,38.9467544393185,280.84389865136,355.725322559718,264.128339786076,124.028644632322,41.8161487767959,289.223842830202,35.4181929378152,347.059145421629,61.3319035329503,82.6290619619815,512.662766233142,122.584232093282,44.618925602503,285.092360746354,124.571968296803,324.190829193977
529.528189686179,20.7107735601713,418.547746958452,47.9281151255421,0,301.576048075582,30.1352210369786,24.4219480123827,291.319029686502,0,294.710807271172,301.949854118349,279.729983783316,297.875892874526,531.805437631278,468.901021730636,329.936286727453,319.19174433844,529.66513387987,204.680101855578,310.841889022324,15.2819885650036,521.992952528129,19.1634506412581,192.322806105852,73.7460195753882,133.413002591254,338.403329316401,49.4490723992838,27.8113892874437,448.967442929982,124.623101964329,417.276066289411,333.083705500204,19.1634506412581,291.319029686502,300.803081088506,409.470376512072,288.066758651465,290.272434815429,41.120210634212,160.277871245166,30.1352210369786,139.886603464586,247.682049074144,414.9428955873,23.8953007680202,23.8953007680202,354.305197143941,409.470376512072,138.212866430405,342.448420894773,30.1352210369786,151.031529453635,282.900719208543,434.882306042535,310.582873078402,0,150.64434858649,24.4219480123827,531.662472730648,370.269465436865,533.296153869711,291.065794560705,301.505235716654,296.931266275197,296.476050458486,281.676819759098,301.505235716654,49.4490723992838,296.056725382655,428.276960136982,313.811015444868,277.191842637952,131.316777656687,413.37224060198,286.48756330419,37.5317110714057,141.707850646628,418.547746958452,306.522385522687,24.2338388729089,294.710807271172,52.2420989725824,169.71203310949,139.747904962294,340.117435746491,127.27996634279,174.226393189837,419.982781202879,536.774108094868,285.724357317661,393.080599046666,20.4919942439193,137.446343292406,33.9612051128571,276.684674731633,413.881623803004,409.470376512072,128.172511322724,89.5746603203935,137.446343292406,15.2819885650036,296.931266275197,141.707850646628,263.680112269241,133.239747390446,281.589081393945,286.48756330419,98.0068036616012,35.9514661977825,84.5137607275381,299.249164956405,130.768435427736,20.4919942439193,160.277871245166,20.6019320963583,291.319029686502,294.32217975802,276.684674731633,268.322006955968,49.4490723992838,533.030310262239,299.223861812169,411.448604931129,84.5137607275381,134.634047056303,335.741257263654,176.108072114314,82.3216373076407,139.481478115558,90.3602649842848,37.4423392020965,234.502351850575,413.37224060198,26.2004020464258,23.8953007680202,313.811015444868,300.803081088506,26.2004020464258,160.277871245166,35.9514661977825,131.316777656687,409.470376512072,128.172511322724,87.0317274983462,411.968707423046,299.223861812169,133.239747390446,409.470376512072,37.5317110714057,134.634047056303,486.474578764051,527.820860311578,281.589081393945,296.087782036524,409.470376512072,133.9730437576,289.615269100185,30.8464182411684,291.319029686502,20.6019320963583,337.157977512315,149.462403656884,341.646047994921,293.13398100545,518.981376246558,139.747904962294,130.528165667219,139.747904962294,130.763417874634,13.4134672458089,27.8113892874437,298.302825794823,373.175757517761,281.589081393945,141.202525126385,25.6227678623309,306.684684663527,33.9612051128571,364.511916609784,27.1050345396039,49.4490723992838,530.106957966499,139.747904962294,15.2819885650036,302.5514929861,142.070772246982,341.646047994921
474.335645379543,301.816039692883,342.792192206757,284.119487115254,301.576048075582,0,316.882170037438,311.961742756422,192.921099047779,301.576048075582,192.765707591981,173.337627145342,196.123066746938,196.751020045606,475.400521002422,392.998580433462,208.843833309122,237.712418571216,474.207226917643,252.535865801744,191.832158640393,298.389842540524,468.965305592588,307.536148993788,290.0771951048,282.73653162509,282.507357509501,254.964907544014,336.15132218723,293.481685609791,373.428353110933,261.619524235468,336.577597208839,247.469615618384,307.536148993788,192.921099047779,200.913330650569,327.168474277339,196.331414680228,200.759753517041,286.404072015754,276.222302360273,316.882170037438,263.773155485374,226.705665410693,339.200963166116,301.462669269827,301.462669269827,261.351757614707,327.168474277339,261.662659912574,255.004816379359,316.882170037438,255.437357774435,272.66284853151,359.099925468047,304.817003545869,301.576048075582,256.210456549795,311.961742756422,476.190634370042,287.125785220258,478.039402897969,195.905710844854,198.952520207791,187.235143090584,194.873187298798,195.129291851769,198.952520207791,336.15132218723,225.325312915171,384.338979824485,198.786791252477,201.038957095197,276.539696742502,337.678339958634,192.480354613203,308.102038250499,290.341809533375,342.792192206757,185.061756703668,309.571946998959,192.765707591981,284.026080757444,263.977206379465,278.192681463828,255.053267705892,300.426037050394,283.360017199541,342.365481820465,481.404766604571,212.751237124661,318.809436354487,307.644654600505,276.596339103198,290.996382010751,206.150515789681,332.581116050828,327.168474277339,278.27358258185,269.557871139479,276.596339103198,298.389842540524,187.235143090584,290.341809533375,209.797179132724,277.043070527224,192.901118525052,192.480354613203,284.663102896701,322.659946622733,282.277914217791,133.7816015028,268.824789551441,307.644654600505,276.222302360273,309.198977594231,192.921099047779,226.049558247305,206.150515789681,203.625128272432,336.15132218723,474.975064270272,194.883674855723,335.766301062684,282.277914217791,277.095045124704,249.530685725526,315.297638588424,284.639670384589,262.673346285724,280.522189067891,288.627354213524,225.280249657514,337.678339958634,306.082505411087,301.462669269827,198.786791252477,200.913330650569,306.082505411087,276.222302360273,322.659946622733,276.539696742502,327.168474277339,278.27358258185,275.431772824323,330.471543340246,194.883674855723,277.043070527224,327.168474277339,308.102038250499,277.095045124704,410.478950569476,472.369687266964,192.901118525052,203.70137749345,327.168474277339,277.776441537831,194.659880994778,318.279338578956,192.921099047779,309.198977594231,220.508055954323,256.403619284278,256.236708165265,203.393617302413,466.568242240282,278.192681463828,280.067970089971,278.192681463828,279.316701526945,299.312638970731,293.481685609791,189.541222130506,289.606208722539,192.901118525052,278.318007028191,296.001928522954,232.092629064966,290.996382010751,267.391545674243,314.884077372119,336.15132218723,476.947587284414,278.192681463828,298.389842540524,203.370575283582,258.655763457313,256.236708165265
544.837150048757,38.3720974450678,433.854750460157,63.3399005506158,30.1352210369786,316.882170037438,0,17.3861031200722,306.624236433577,30.1352210369785,310.016102490068,317.255649838351,295.034825172837,313.181215947991,547.114307660168,484.208008347661,345.243034581317,334.497284199241,544.974067941945,219.989945975044,326.148673156281,33.3801011100853,537.302087551895,21.9120591410845,207.652330222106,89.1846835952843,148.77192726895,353.709357940421,31.0893504371167,43.1260138492862,464.274536573208,139.916845231591,432.583283300146,348.389853192578,21.9120591410845,306.624236433577,316.108437679219,424.777595468058,303.371810988278,305.577450944161,56.5956846870211,175.614528527693,0,155.22336229836,262.983775988867,430.249900834588,35.7013957044001,35.7013957044001,369.611711778191,424.777595468058,153.547010418727,357.75472452833,0,166.342709357557,298.211125753831,450.189383185578,325.895449449398,30.1352210369785,165.952890422522,17.3861031200722,546.971403982696,385.5771774025,548.605101936893,306.370939963736,316.810658237513,312.23671030848,311.781358788619,296.981743646197,316.810658237513,31.0893504371167,311.361263068935,443.586818815991,329.117878887903,292.496446206614,146.673210378528,428.679250263922,301.792666036195,49.7833040788345,157.065775592705,433.854750460157,321.828184125734,24.7407771423653,310.016102490068,67.5678570214935,185.017885517689,155.098830399332,355.423767007236,142.484181597735,189.560007867283,435.289627786984,552.083042979905,301.028987179514,408.388550885588,21.8068754239806,152.797640697443,49.1156815926828,291.989063595105,429.188819322501,424.777595468058,143.533186437616,104.984677346785,152.797640697443,33.3801011100853,312.23671030848,157.065775592705,278.983987201741,148.594919681124,296.894076128966,301.792666036195,113.192819919738,16.6608664785205,99.7419568693693,314.555110932259,146.042095682645,21.8068754239806,175.614528527693,24.4403765519466,306.624236433577,309.626546901371,291.989063595105,283.626288016378,31.0893504371167,548.339052725341,314.529255547382,426.755616427302,99.7419568693693,149.988118091315,351.047443674293,191.459650007515,97.4929230262659,154.817231056076,105.578156159185,52.805766429028,249.803704478568,428.679250263922,34.9384676274251,35.7013957044001,329.117878887903,316.108437679219,34.9384676274251,175.614528527693,16.6608664785205,146.673210378528,424.777595468058,143.533186437616,102.432252528846,427.27593267915,314.529255547382,148.594919681124,424.777595468058,49.7833040788345,149.988118091315,501.781554824305,543.129797663407,296.894076128966,311.392913973749,424.777595468058,149.328174726847,304.920398809516,21.3192452500315,306.624236433577,24.4403765519466,352.464740873879,164.769952517375,356.952394097346,308.439019645373,534.290560995199,155.098830399332,145.887881524371,155.098830399332,146.122364861114,33.1429306196549,43.1260138492862,313.608278862191,388.483406005662,296.894076128966,156.552459241369,40.4386901872677,321.989525425907,49.1156815926828,379.818961736037,22.1212978369641,31.0893504371167,545.416088753481,155.098830399332,33.3801011100853,317.856867874711,157.380176779068,356.952394097346
539.915813722595,32.6943879268695,428.934039662841,58.3958527892955,24.4219480123827,311.961742756422,17.3861031200722,0,301.704100431743,24.4219480123824,305.095938245835,312.335326093489,290.114805676251,308.261042685567,542.193000272324,479.28730294492,340.322407340331,329.57704076414,540.052740001359,215.068365702593,321.228034897295,28.1729651688365,532.380695349805,14.4322246915708,202.724308000107,84.2314570327036,143.83214547454,348.788958605972,37.1935282393596,38.2214303030838,459.353797029338,135.000603922479,427.662504828936,343.469415964591,14.4322246915708,301.704100431743,311.188253607917,419.856816484947,298.45172412591,300.657375449443,51.6382750519482,170.684074089419,17.3861031200721,150.293124489774,258.064746757456,425.329189479724,31.4057582472472,31.4057582472472,364.691157802941,419.856816484947,148.617738980092,352.83423762681,17.3861031200721,161.420834654563,293.289334598459,445.268648921662,320.972956707951,24.4219480123824,161.031856811122,0,542.050076930607,380.656241879398,543.683769500287,301.45082340648,311.890453172289,307.316498681255,306.861190293503,292.061697910107,311.890453172289,37.1935282393596,306.441339021156,438.665195746633,324.197215289504,287.576502326948,141.735426777416,423.758537497638,296.87256330849,45.5320336714701,152.125965704033,428.934039662841,316.907859321553,22.634315581268,305.095938245835,62.6442502429335,180.097656720208,150.163102606979,350.503271187525,137.594406107417,184.630602775819,430.368967169069,547.161714732004,296.109033908064,403.467538081706,16.7758111743834,147.861901963802,44.2339276202344,287.069187457818,424.268047738863,419.856816484947,138.59335448556,100.03541091844,147.861901963802,28.1729651688365,307.316498681255,152.125965704033,274.064275744108,143.657493974402,291.974007950881,296.87256330849,108.307694219503,23.6402969633142,94.8446634051525,309.634739597316,141.131927350622,16.7758111743834,170.684074089419,16.4249972120189,301.704100431743,304.706677176719,287.069187457818,278.706447171836,37.1935282393596,543.417786168133,309.609059786063,421.834903075433,94.8446634051525,145.051143711932,346.126994118472,186.523556758386,92.6111475038658,149.887352022793,100.683857347268,47.875888401453,244.884795517659,423.758537497638,31.3054266437713,31.4057582472472,324.197215289504,311.188253607917,31.3054266437713,170.684074089419,23.6402969633142,141.735426777416,419.856816484947,138.59335448556,97.4871854306732,422.35515163545,309.609059786063,143.657493974402,419.856816484947,45.5320336714701,145.051143711932,496.86085279454,538.208468686774,291.974007950881,306.472801484603,419.856816484947,144.390651306899,300.000287325978,16.6464188779243,301.704100431743,16.4249972120189,347.544108518906,159.84923875215,352.031893558742,303.518936915531,529.369152888733,150.163102606979,140.948077716974,150.163102606979,141.18300068578,27.6302563738375,38.2214303030838,308.688064280753,383.562490584546,291.974007950881,151.617113187512,35.6334126620652,317.06950481692,44.2339276202344,374.898238952419,14.7149154240438,37.1935282393596,540.494697952179,150.163102606979,28.1729651688365,312.936677912968,152.458943434437,352.031893558742
470.632132685968,291.560435228042,332.326593518196,273.8591587557,291.319029686502,192.921099047779,306.624236433577,301.704100431743,0,291.319029686502,95.65405035827,171.209083643307,140.730603621044,130.602515119813,471.719651083992,382.445693394223,237.096442545389,214.650989937977,470.34556355037,243.159728311712,224.403564017144,288.132649236804,465.542746276999,297.27866010209,281.408287955186,272.50403909498,272.697588912604,237.612695285324,325.893332998727,283.223317653284,363.630500810996,251.095666100035,332.351562977244,232.142788594906,297.27866010209,0,150.038072184063,324.3748989374,109.112741634672,131.232442057896,276.146365479086,266.987228046431,306.624236433577,254.213720509688,205.145504324431,328.744462691894,291.203795619147,291.203795619147,255.598948357673,324.3748989374,252.035772465947,242.566917352851,306.624236433577,245.254537333583,270.585564385308,349.27079996032,302.598092985711,291.319029686502,245.886248642692,301.704100431743,472.28322640011,296.032926143154,474.14175507075,93.4965260910074,152.592592779602,131.636726793537,116.496882464482,135.959518428913,152.592592779602,325.893332998727,194.218960737267,383.761194130068,228.836842347538,154.577762092557,266.771894464339,327.243832952718,113.586612488497,297.841010214085,280.538790847078,332.326593518196,176.672742260297,299.313836858261,95.65405035827,273.758446489312,253.438910438279,268.523159580949,241.853551941174,289.922704539766,274.312263219196,331.194297001314,477.379780011595,180.08015329845,320.990399291265,297.386880261818,266.909274535064,280.736304272811,167.781627985312,328.545834438367,324.3748989374,268.449236787979,259.447407662158,266.909274535064,288.132649236804,131.636726793537,280.538790847078,181.492985199649,267.296687897043,138.917685924632,113.586612488497,274.255311552074,312.401975782587,271.945831389722,180.384954294999,258.089545056127,297.386880261818,266.987228046431,298.941698810632,0,194.38976122414,167.781627985312,170.165250584719,325.893332998727,471.189030554068,136.635570745331,325.341372884886,271.945831389722,267.366965840014,234.929508492776,305.621744123164,274.30051875476,253.105456670864,270.156947306242,278.367945779468,206.628944581147,327.243832952718,295.823655678674,291.203795619147,228.836842347538,150.038072184063,295.823655678674,266.987228046431,312.401975782587,266.771894464339,324.3748989374,268.449236787979,265.242752025069,327.065063029929,136.635570745331,267.296687897043,324.3748989374,297.841010214085,267.366965840014,399.871503242792,468.579286185875,138.917685924632,142.214865913134,324.3748989374,268.032106976182,84.6132267970596,308.021741941478,0,298.941698810632,243.627206062634,246.03255024686,243.390758060248,138.9393455201,463.233999617986,268.523159580949,270.25180180907,268.523159580949,269.51208303375,289.055972430046,283.223317653284,136.664237539984,297.016564739259,138.917685924632,268.669190597403,285.743225044369,202.733256222753,280.736304272811,275.963521341191,304.626569287643,325.893332998727,473.693775619164,268.523159580949,288.132649236804,157.555120379305,248.363264475152,243.390758060248
529.528189686179,20.7107735601713,418.547746958452,47.9281151255421,0,301.576048075582,30.1352210369785,24.4219480123824,291.319029686502,0,294.710807271172,301.949854118349,279.729983783316,297.875892874526,531.805437631278,468.901021730636,329.936286727453,319.19174433844,529.66513387987,204.680101855578,310.841889022324,15.2819885650036,521.992952528129,19.1634506412581,192.322806105852,73.7460195753882,133.413002591254,338.403329316401,49.4490723992838,27.8113892874437,448.967442929982,124.623101964329,417.276066289411,333.083705500204,19.1634506412581,291.319029686502,300.803081088506,409.470376512072,288.066758651465,290.272434815429,41.120210634212,160.277871245166,30.1352210369786,139.886603464586,247.682049074144,414.9428955873,23.8953007680202,23.8953007680202,354.305197143941,409.470376512072,138.212866430405,342.448420894773,30.1352210369786,151.031529453635,282.900719208543,434.882306042535,310.582873078402,0,150.64434858649,24.4219480123827,531.662472730648,370.269465436865,533.296153869711,291.065794560705,301.505235716654,296.931266275197,296.476050458486,281.676819759098,301.505235716654,49.4490723992838,296.056725382655,428.276960136982,313.811015444868,277.191842637952,131.316777656687,413.37224060198,286.48756330419,37.5317110714057,141.707850646628,418.547746958452,306.522385522687,24.2338388729089,294.710807271172,52.2420989725824,169.71203310949,139.747904962294,340.117435746491,127.27996634279,174.226393189837,419.982781202879,536.774108094868,285.724357317661,393.080599046666,20.4919942439193,137.446343292406,33.9612051128571,276.684674731633,413.881623803004,409.470376512072,128.172511322724,89.5746603203935,137.446343292406,15.2819885650036,296.931266275197,141.707850646628,263.680112269241,133.239747390446,281.589081393945,286.48756330419,98.0068036616012,35.9514661977825,84.5137607275381,299.249164956405,130.768435427736,20.4919942439193,160.277871245166,20.6019320963583,291.319029686502,294.32217975802,276.684674731633,268.322006955968,49.4490723992838,533.030310262239,299.223861812169,411.448604931129,84.5137607275381,134.634047056303,335.741257263654,176.108072114314,82.3216373076407,139.481478115558,90.3602649842848,37.4423392020965,234.502351850575,413.37224060198,26.2004020464258,23.8953007680202,313.811015444868,300.803081088506,26.2004020464258,160.277871245166,35.9514661977825,131.316777656687,409.470376512072,128.172511322724,87.0317274983462,411.968707423046,299.223861812169,133.239747390446,409.470376512072,37.5317110714057,134.634047056303,486.474578764051,527.820860311578,281.589081393945,296.087782036524,409.470376512072,133.9730437576,289.615269100185,30.8464182411684,291.319029686502,20.6019320963583,337.157977512315,149.462403656884,341.646047994921,293.13398100545,518.981376246558,139.747904962294,130.528165667219,139.747904962294,130.763417874634,13.4134672458089,27.8113892874437,298.302825794823,373.175757517761,281.589081393945,141.202525126385,25.6227678623309,306.684684663527,33.9612051128571,364.511916609784,27.1050345396039,49.4490723992838,530.106957966499,139.747904962294,15.2819885650036,302.5514929861,142.070772246982,341.646047994921
471.641107572169,294.952073036492,332.718646623954,277.251281027632,294.710807271172,192.765707591981,310.016102490068,305.095938245835,95.65405035827,294.710807271172,0,166.470879162481,151.999833809424,113.855297613363,472.697957410974,382.833585941152,237.034277015071,215.297174519676,471.343626351206,246.537296445109,225.281827022418,291.52444489876,466.614473270241,300.670483211488,284.624541855068,275.893436331079,276.043419954481,237.773517741539,329.285204241009,286.615232497514,364.011558967814,254.516166472657,332.507853586622,232.028911437869,300.670483211488,95.6540503582698,141.725384801522,324.482646750987,128.093091038519,138.372417075105,279.538221767387,270.270231411792,310.016102490068,257.534429366055,209.446939274815,329.136843837539,294.595757183368,294.595757183368,254.982943586963,324.482646750987,255.364532242094,242.266813260923,310.016102490068,248.649805163664,273.289142255309,349.642093022857,304.895135311179,294.710807271172,249.29510137749,305.095938245835,473.279742042176,296.65223542731,475.143969846974,111.187339612449,143.261326578962,114.800378046272,87.7962021381265,148.823862447652,143.261326578962,329.285204241009,196.800890160514,385.185151195968,229.703347164451,162.641547613549,270.113327210894,327.63792348292,133.76760782635,301.23318471627,283.883904100246,332.718646623954,171.55397222708,302.705721215228,0,277.151297061497,256.874138845613,271.854089177035,241.759670787416,293.338687183515,277.573660751756,331.515361947961,478.375749183101,182.628981318187,321.594328914584,300.778731547455,270.242146297532,284.128391134918,172.130095899978,328.677202181213,324.482646750987,271.79661823663,262.824560700093,270.242146297532,291.52444489876,114.800378046272,283.883904100246,186.89849380662,270.635827910991,150.863983989184,133.76760782635,277.662033883808,315.793845309777,275.345144236701,179.045200885988,261.52949397067,300.778731547455,270.270231411792,302.333501131966,95.6540503582698,197.315150039747,172.130095899978,176.474965437131,329.285204241009,472.121437988791,118.641218337821,325.735629108783,275.345144236701,270.704158581676,234.748480529902,308.95331065553,277.700473053053,256.427344468475,273.559558124332,281.759968456266,210.79726380381,327.63792348292,299.215613965318,294.595757183368,229.703347164451,141.725384801522,299.215613965318,270.270231411792,315.793845309777,270.113327210894,324.482646750987,271.79661823663,268.627887326916,327.198079378562,118.641218337821,270.635827910991,324.482646750987,301.23318471627,270.704158581676,400.256705344269,469.579375120485,150.863983989184,141.54150665523,324.482646750987,271.371013486647,115.078676371731,311.413574948815,95.6540503582698,302.333501131966,243.372692620966,249.445431378069,243.265024813497,142.799435878579,464.32382032494,271.854089177035,273.598313303013,271.854089177035,272.857376742039,292.447715666065,286.615232497514,118.631739379998,297.508127197955,150.863983989184,271.997892985792,289.135171855731,204.687119928659,284.128391134918,275.808664239954,308.018393786531,329.285204241009,474.767178253254,271.854089177035,291.52444489876,151.100914036636,251.765180885513,243.265024813497
470.596271134449,302.190339513431,332.609817532146,284.492195350851,301.949854118349,173.337627145342,317.255649838351,312.335326093489,171.209083643307,301.949854118349,166.470879162481,0,183.348589037012,166.90831370806,471.555252581164,382.749577059365,222.249561084146,221.788105085639,470.328093658801,253.481240947504,215.435789190283,298.763590108352,465.64314815231,307.909787447596,290.939947739337,283.119054745686,283.031409100494,240.133024890666,336.524781557599,293.855033075218,363.582270315712,261.907973134415,328.811989929551,232.547007786491,307.909787447596,171.209083643307,170.071958518165,319.973882678018,177.526994586356,180.598059663731,286.77767329287,276.925909557395,317.255649838351,264.383528513995,222.402240868053,329.025140414936,301.835829281502,301.835829281502,248.691012464966,319.973882678018,262.254373150951,240.66245912776,317.255649838351,255.874942571014,276.441878934648,349.194511972527,306.882937711522,301.949854118349,256.596942342801,312.335326093489,472.277366431305,289.955941879469,474.154266514685,173.953907650778,165.021147125444,153.940931924136,166.478959083315,182.056760646092,165.021147125444,336.524781557599,211.083946022879,384.212149221457,220.064460234564,189.063030702067,277.077542265335,327.5217970081,176.58368775433,308.474445703468,290.868042787621,332.609817532146,117.253251081958,309.94536795496,166.470879162481,284.396257218459,264.306380310958,278.762106070996,241.265351255277,300.713288494479,284.118045185625,331.495677944013,477.417033779399,197.806678832105,317.022466303631,308.018193235757,277.160369015528,291.369142223608,192.520166949066,324.800528529037,319.973882678018,278.792923547411,269.982410976104,277.160369015528,298.763590108352,153.940931924136,290.868042787621,203.655090497583,277.587785598714,181.37509235551,176.58368775433,284.984361197302,323.033412726058,282.625878893443,149.187510972522,269.034288899889,308.018193235757,276.925909557395,309.57268935798,171.209083643307,212.419437677219,192.520166949066,196.031084471386,336.524781557599,470.884738568469,161.444352858141,325.615997931708,282.625878893443,277.645672847101,234.674632070072,315.864856761708,284.984974315813,263.281994150542,280.858632438509,289.000354808563,222.460570574007,327.5217970081,306.455670767488,301.835829281502,220.064460234564,170.071958518165,306.455670767488,276.925909557395,323.033412726058,277.077542265335,319.973882678018,278.792923547411,275.829607420743,323.054734973643,161.444352858141,277.587785598714,319.973882678018,308.474445703468,277.645672847101,400.187970394807,468.542249648909,181.37509235551,180.143658515773,319.973882678018,278.321762299082,174.527676255241,318.652936897149,171.209083643307,309.57268935798,228.386420833631,256.771526082715,242.484852955102,182.256763229443,463.370931409363,278.762106070996,280.589952886251,278.762106070996,279.842454483464,299.686569335445,293.855033075218,153.160579512434,290.731501004067,181.37509235551,278.894032789181,296.375154812917,217.003321381748,291.369142223608,265.644508852088,315.257707429257,336.524781557599,473.736861766011,278.762106070996,298.763590108352,172.784229250034,259.040149661898,242.484852955102
466.838680254776,279.971962279497,330.060190743853,262.268723779509,279.729983783316,196.123066746938,295.034825172837,290.114805676251,140.730603621044,279.729983783316,151.999833809424,183.348589037012,0,160.332779052925,468.017985105472,380.188145290883,237.796775029856,211.324392790349,466.576811114629,231.742771592373,223.074366029847,276.543530300915,461.577049829577,285.689426248938,270.511662073933,260.924814082493,261.294408197955,235.805331526239,314.303900065964,271.633714307918,361.422515046763,239.39215961193,330.983072235848,231.158314688346,285.689426248938,140.730603621044,168.245314534581,323.197092300917,125.714258503583,138.578417345843,264.557011544713,255.832803210867,295.034825172837,242.9130330579,189.409726600175,326.477458011184,279.613996325708,279.613996325708,256.27221084035,323.197092300917,240.704125968054,242.172188417133,295.034825172837,233.66736700088,261.931371154863,347.089811164652,295.043636809655,279.729983783316,234.242692689778,290.114805676251,468.516857061695,293.998383832749,470.358964711208,139.409362646865,171.053345160976,162.641946086265,156.311907686336,79.1451797289882,171.053345160976,314.303900065964,184.608388642595,378.907339152714,227.389852440336,113.855366498035,255.386383240539,324.972597248205,121.868414030097,286.250337973029,269.138479221553,330.060190743853,188.371656557251,287.724351727263,151.999833809424,262.165034073264,241.69493578501,257.179558573516,240.870601550864,278.23420267864,263.24187184568,329.110077151594,473.609348808358,170.831957516937,318.648241802031,285.797530858836,255.55801658892,269.145999818922,152.237000650257,327.253910727624,323.197092300917,257.039859272621,247.918126845829,255.55801658892,276.543530300915,162.641946086265,269.138479221553,160.222316407203,255.920320274537,107.111538247053,121.868414030097,262.605041658338,300.812550012528,260.326048859504,187.045725316491,246.304084695126,285.797530858836,255.832803210867,287.352550141264,140.730603621044,183.550469391469,152.237000650257,143.277853130159,314.303900065964,467.617827167599,164.708074933973,323.070052576052,260.326048859504,255.998380432576,234.149284840759,294.275541020067,262.678027451739,241.800445804447,258.52366802741,266.777907165161,191.684778328935,324.972597248205,284.233868595397,279.613996325708,227.389852440336,168.245314534581,284.233868595397,255.832803210867,300.812550012528,255.386383240539,323.197092300917,257.039859272621,253.681053173079,325.793082175907,164.708074933973,255.920320274537,323.197092300917,286.250337973029,255.998380432576,397.619764128394,464.80795909866,107.111538247053,155.123521482129,323.197092300917,256.656650963253,133.049956800954,296.432466488566,140.730603621044,287.352550141264,244.592226389754,234.371532751321,242.506016329238,146.771442931473,459.219008334477,257.179558573516,258.845901117769,257.179558573516,258.111064363189,277.467067918658,271.633714307918,165.293731612073,295.249610422405,107.111538247053,257.334456813979,274.153489021585,195.248631862277,269.145999818922,275.996039759477,293.037329044168,314.303900065964,469.731477519526,257.179558573516,276.543530300915,172.260603618971,236.742444556771,242.506016329238
471.885220321669,298.117109981553,331.248973342602,280.41651227325,297.875892874526,196.751020045606,313.181215947991,308.261042685567,130.602515119813,297.875892874526,113.855297613363,166.90831370806,160.332779052925,0,472.89876683642,381.347114083203,238.594878498072,212.480216055457,471.553540448601,249.802213947068,228.252685053782,294.689537948426,466.984272158968,303.835583212663,287.702104024175,279.057757669041,279.18999041073,235.093765521118,332.450319049587,289.780371533042,362.611460086972,257.694710727395,331.496439345389,229.273969703488,303.835583212663,130.602515119813,113.890916307081,323.577812418272,139.910524541333,138.894259775226,282.703350432358,273.386290472889,313.181215947991,260.671660679111,212.590262250619,327.668774651033,297.760907679093,297.760907679093,252.887676758026,323.577812418272,258.506548689422,239.673269355337,313.181215947991,251.831872482948,276.318010876062,348.224778705683,307.261563151589,297.875892874526,252.481410566699,308.261042685567,473.482166237629,297.616316873392,475.356037433682,124.403762066819,118.157264140378,128.133949032747,87.9014195429891,158.921632901294,118.157264140378,332.450319049587,195.672353182209,386.392238651252,232.515019270581,167.677566995212,273.25800414038,326.175004185889,150.285837660805,304.398409290057,287.030151615665,331.248973342602,168.837911946185,305.870842290652,113.855297613363,280.316790795566,260.077467878653,274.993972046671,239.313685598054,296.511990453258,280.677806704386,329.858986764683,478.564060230982,181.174772166246,321.893420750453,303.943841294517,273.383003933404,287.293594459339,172.568455073016,327.656649545752,323.577812418272,274.943886586982,265.984353664226,273.383003933404,294.689537948426,128.133949032747,287.030151615665,190.97543148155,273.779453555924,161.9783889109,150.285837660805,280.832382820313,318.958959666586,278.51302219114,183.108417944588,264.712694798988,303.943841294517,273.386290472889,305.498593871763,130.602515119813,196.63750482895,172.568455073016,181.264331047082,332.450319049587,472.241942808281,88.4617993246131,324.274148126926,278.51302219114,273.84690696525,232.008951931384,312.093426717574,280.868490159549,259.565474515645,276.728614258557,284.925152336879,214.1512240168,326.175004185889,302.380761977086,297.760907679093,232.515019270581,113.890916307081,302.380761977086,273.386290472889,318.958959666586,273.25800414038,323.577812418272,274.943886586982,271.790775875366,326.253722268528,88.4617993246131,273.779453555924,323.577812418272,304.398409290057,273.84690696525,398.759608251329,469.800376497542,161.9783889109,130.285605888914,323.577812418272,274.514513338294,134.441126382522,314.578677290377,130.602515119813,305.498593871763,244.407842512272,252.632281970155,240.826753456517,139.02870463427,464.730680602108,274.993972046671,276.745189777852,274.993972046671,276.003719151063,295.612789948433,289.780371533042,118.759718662981,298.166566315363,161.9783889109,275.136740355211,292.30032025689,202.863531294276,287.293594459339,275.777435117125,311.183493526886,332.450319049587,475.158335302811,274.993972046671,294.689537948426,130.476945166655,254.943487275934,240.826753456517
351.345088491472,532.041012503976,481.282075943308,514.360202189916,531.805437631278,475.400521002422,547.114307660168,542.193000272324,471.719651083992,531.805437631278,472.697957410974,471.555252581164,468.017985105472,472.89876683642,0,532.901148531978,489.479800478799,464.539670543419,382.560751920167,485.224853258092,481.437516291764,528.619822610586,395.567966151069,537.766952977915,514.043008067666,512.892100775564,511.230948536292,465.31862891853,566.383616541747,523.715504067281,507.884955584777,492.816435642971,509.459291667012,459.043080756222,537.766952977915,471.719651083992,472.826250456969,509.031854371162,470.327649046436,470.589767245884,516.636216375778,502.741159682091,547.114307660168,491.703455288696,478.089855907178,477.551559766186,531.697884421133,531.697884421133,482.588917631343,509.031854371162,489.899676866487,466.246518739522,547.114307660168,486.151539770892,495.653552269422,495.624082071534,489.096679455849,531.805437631278,487.319534915336,542.193000272324,394.920451228305,504.597849760501,402.435432317213,470.956245528989,472.549137276824,472.962164587041,472.986944790999,469.113069904845,472.549137276824,566.383616541747,471.717016533202,497.847068260958,483.029964914318,467.859090132767,505.116223406333,475.615911227717,470.705313048199,538.34397704767,519.041006586772,481.282075943308,473.228457950732,539.804683010454,472.697957410974,514.289928306532,496.051845163447,506.410252479054,458.312354020345,531.413496628476,509.073328569984,496.381534477483,425.698494944833,461.02497374377,493.734383214159,537.87634828515,504.882910072499,521.235703665158,463.09534945821,508.53515711207,509.031854371162,507.049873105711,499.322200993379,504.882910072499,528.619822610586,472.962164587041,519.041006586772,470.527405259363,505.541106336725,469.576422498718,470.705313048199,515.364150845835,552.892189042196,512.747764194746,472.459232735734,500.582243543912,537.87634828515,502.741159682091,539.429123843906,471.719651083992,474.386109344104,463.09534945821,468.099643840784,566.383616541747,356.475991234046,473.261294270114,473.568712241878,512.747764194746,505.526866136502,461.305916055459,543.535210255967,515.12828401517,490.654722461707,511.096282271849,518.864700373335,474.780350266662,475.615911227717,536.317596028005,531.697884421133,483.029964914318,472.826250456969,536.317596028005,502.741159682091,552.892189042196,505.116223406333,509.031854371162,507.049873105711,505.454257316142,508.111054181626,473.261294270114,505.541106336725,509.031854371162,538.34397704767,505.526866136502,551.270327506336,360.966609618876,469.576422498718,472.531093689698,509.031854371162,506.265938155044,470.950112005708,548.510436482544,471.719651083992,539.429123843906,492.506417154453,487.613346081802,460.075325749818,471.993901914968,403.916848241328,506.410252479054,508.814682901887,506.410252479054,508.022412598289,529.540954186292,523.715504067281,472.847592653668,501.766013305095,469.576422498718,506.458900708174,526.236726873976,473.894913381215,521.235703665158,500.96657737629,545.114912347155,566.383616541747,398.904122286935,506.410252479054,528.619822610586,473.067248465316,489.422498436521,460.075325749818
532.285383335284,469.139579036858,94.975976713723,451.44837982969,468.901021730636,392.998580433462,484.208008347661,479.28730294492,382.445693394223,468.901021730636,382.833585941152,382.749577059365,380.188145290883,381.347114083203,532.901148531978,0,410.422817501168,345.231501881657,529.070797466424,421.635052658419,405.785843043317,465.715018824171,533.68066649108,474.861568314675,455.117802506832,450.038130247407,449.319798458876,333.594438300122,503.477207103395,460.80815078435,308.50425310266,429.290590975938,417.598572065422,333.1222217569,474.861568314675,382.445693394223,379.51742660696,421.379190848013,380.650508885402,379.199008787327,453.73008754828,442.2375582199,484.208008347661,430.322811859568,398.487379394263,102.231771804984,468.789542770056,468.789542770056,379.618100947451,421.379190848013,428.330525707613,346.167337516595,484.208008347661,423.064036305163,439.428993408686,302.813924734365,453.053477842968,468.901021730636,423.960164926628,479.28730294492,530.192252941041,438.960525011206,532.382179780747,380.683764830697,379.419784002675,383.573767937095,382.287612137465,381.481550140912,379.419784002675,503.477207103395,370.538675356746,498.505096336694,408.004249091951,379.535325968159,443.300999454793,116.544948211814,382.764195480201,475.431094855769,457.145645798021,94.9759767137225,382.623345245972,476.897991392962,382.833585941152,451.362570473396,432.109226324115,444.826774675196,329.640936898728,467.995348318853,449.07200104273,285.042033557811,533.269430590902,360.67551776622,436.438210735328,474.970362247982,443.255645029178,458.324675919644,369.88909248396,416.707606543166,421.379190848013,445.104615633791,436.729921480264,443.255645029178,465.715018824171,383.573767937095,457.145645798021,386.897547599416,443.776515901657,382.883875481616,382.764195480201,452.141864165539,489.985816045277,449.682576658033,387.635825186387,436.658960403904,474.970362247982,442.2375582199,476.524183095376,382.445693394223,375.497411439077,369.88909248396,382.906476325346,503.477207103395,529.661899501526,381.914134783322,118.940671766512,449.682576658033,443.80512409054,337.061335047054,481.938323486891,452.049639824085,429.244205446721,447.960999482843,455.95503378137,398.138808094918,116.544948211814,473.409325790002,468.789542770056,408.004249091951,379.51742660696,473.409325790002,442.2375582199,489.985816045277,443.300999454793,421.379190848013,445.104615633791,442.690616164305,419.086199048146,381.914134783322,443.776515901657,421.379190848013,475.431094855769,443.80512409054,69.411721260204,528.551128489552,382.883875481616,379.64632913298,421.379190848013,444.506695513062,381.46624568512,485.604842944242,382.445693394223,476.524183095376,412.380366845536,424.178021884273,333.068802744469,379.801141565718,533.365983148503,444.826774675196,446.888565895141,444.826774675196,446.122953855624,466.637269725507,460.80815078435,382.600937076997,434.77129977555,382.883875481616,444.924763968311,463.328695335592,367.987408732337,458.324675919644,420.741317376199,482.209499752883,503.477207103395,544.386690870801,444.826774675196,465.715018824171,378.851583885821,426.243863647602,333.068802744469
488.600188220456,330.175285692052,360.159727784155,312.482196224887,329.936286727453,208.843833309122,345.243034581317,340.322407340331,237.096442545389,329.936286727453,237.034277015071,222.249561084146,237.796775029856,238.594878498072,489.479800478799,410.422817501168,0,264.031451928327,488.567607286827,280.988039405276,198.141363934134,326.750210563868,483.290117634644,335.896709715163,317.154876810526,311.079944378783,310.53833708694,277.304463194452,364.512223201389,321.842903709323,390.268413569503,290.187231261045,347.583269507917,268.44412453517,335.896709715163,237.096442545389,240.250880605425,336.460790983346,238.504147854401,240.88519827095,314.764883552316,303.795480062459,345.243034581317,291.625459351282,260.671607986927,356.562466486587,329.824215074821,329.824215074821,274.371597466756,336.460790983346,289.574973074021,273.790280537919,345.243034581317,283.84540854205,296.056735033131,375.939609064393,324.584690291046,329.936286727453,284.713271833643,340.322407340331,490.587113710063,282.186940724522,492.456422935325,238.24396547518,238.592461240602,233.841492230588,237.955366653993,237.715032785918,238.592461240602,364.512223201389,257.489132401583,397.88984313257,198.11482821465,240.596183123196,304.538993881091,355.026408701714,236.856121979085,336.465095945749,318.367598032825,360.159727784155,226.837395649743,337.932942526961,237.034277015071,312.393967696519,292.677337742108,306.115914561783,274.269772499571,328.957733935347,310.773609453596,360.136633178295,495.91154277972,245.36614253833,324.032587391752,336.005415396341,304.533770454188,319.35882511806,241.810103287725,343.322085832558,336.460790983346,306.315775304037,297.814100702421,304.533770454188,326.750210563868,233.841492230588,318.367598032825,246.989890431229,305.025756664842,236.774698080056,236.856121979085,313.12940870516,351.02083556975,310.691780397543,213.74569027305,297.527137643442,336.005415396341,303.795480062459,337.559390632769,237.096442545389,258.865719729851,241.810103287725,242.297494138588,364.512223201389,488.913016111481,237.40985537405,353.107834312211,310.691780397543,305.063646431387,269.989401890401,343.225398612724,313.058010405794,290.534744869104,308.959468211058,316.989344300137,258.592044351276,355.026408701714,334.444026888949,329.824215074821,198.11482821465,240.250880605425,334.444026888949,303.795480062459,351.02083556975,304.538993881091,336.460790983346,306.315775304037,303.745013810591,340.521777876118,237.40985537405,305.025756664842,336.460790983346,336.465095945749,305.063646431387,427.938537357056,486.67164790642,236.774698080056,242.864260175497,336.460790983346,305.757407899129,237.778178669325,346.639968619333,237.096442545389,337.559390632769,155.591721443199,284.933433880116,275.180469033138,242.831266758278,480.903642484977,306.115914561783,308.103870558295,306.115914561783,307.343815235731,327.672634261643,321.842903709323,234.467531520687,285.962491120142,236.774698080056,306.225081938854,324.363372072058,262.796990985683,319.35882511806,258.027050504583,343.244647290263,364.512223201389,491.117129268418,306.115914561783,326.750210563868,241.486322763472,287.101242327171,275.180469033138
463.883788140781,319.432582307618,295.482125583944,301.733499810235,319.19174433844,237.712418571216,334.497284199241,329.57704076414,214.650989937977,319.19174433844,215.297174519676,221.788105085639,211.324392790349,212.480216055457,464.539670543419,345.231501881657,264.031451928327,0,462.999802592818,271.863958142286,257.616098193242,316.005447508914,460.557939661509,325.151546760653,308.336551250444,300.36764617521,300.361760972445,170.419491786834,353.766397779176,311.0966397871,329.147349818679,279.115045351894,316.6107158212,182.834387377692,325.151546760653,214.650989937977,209.264113700543,312.572771520965,211.13203544745,207.330910290494,304.019538150857,294.320953675316,334.497284199241,281.770865343649,234.449508557895,291.936473134966,319.077264902624,319.077264902624,242.240180755779,312.572771520965,279.642822363712,207.009301356779,334.497284199241,273.275554999974,297.18917073279,314.623244062829,322.414253965975,319.19174433844,273.95804855218,329.57704076414,464.790196686523,309.03242957356,466.767721316804,211.311002387661,210.270515593396,217.977777799777,214.092031586244,213.325151568361,210.270515593396,353.766397779176,175.483151001807,391.131040103627,260.743744927774,208.805288806128,294.41505590236,290.540974128854,215.46151202656,325.715343865006,308.199412832305,295.482125583944,220.896813165758,327.18697000465,215.297174519676,301.635825100749,281.682840318106,296.113776833968,198.89152863566,317.892013106505,301.519731867607,290.965741332728,469.564262496654,167.704181523792,323.055597755155,325.259880763932,294.510379702396,308.610364109356,190.419317676949,313.360055601541,312.572771520965,296.121079915678,287.258946700896,294.510379702396,316.005447508914,217.977777799777,308.199412832305,219.880500799552,294.9283377594,216.134181256176,215.46151202656,302.189313124258,340.275034891332,299.85065558131,229.925268204812,286.170295381655,325.259880763932,294.320953675316,326.81450085252,214.650989937977,184.944945518494,190.419317676949,214.912094230438,353.766397779176,463.009428132656,214.077573950812,288.67311676089,299.85065558131,294.988974784158,189.982933160537,333.215042246947,302.207208974426,280.671646712187,298.075447305701,306.241770504614,237.129947321662,290.540974128854,323.697099708596,319.077264902624,260.743744927774,209.264113700543,323.697099708596,294.320953675316,340.275034891332,294.41505590236,312.572771520965,296.121079915678,293.089478942022,313.62224975214,214.077573950812,294.9283377594,312.572771520965,325.715343865006,294.988974784158,362.424345957266,461.456326458689,216.134181256176,207.068811769595,312.572771520965,295.662421057396,212.795945045444,335.894659011453,214.650989937977,326.81450085252,267.195618758333,274.113407236314,202.372896813026,207.11796512958,458.776682026424,296.113776833968,297.919338195416,296.113776833968,297.173716685767,316.928553230293,311.0966397871,216.414838303015,307.074992652586,216.134181256176,296.248500604353,313.61666140269,162.284921202461,308.610364109356,285.478702436324,332.499455007323,353.766397779176,469.16850686046,296.113776833968,316.005447508914,207.87655284631,276.359825907929,202.372896813026
304.135676822932,529.900604837854,477.36982837426,512.220170684241,529.66513387987,474.207226917643,544.974067941945,540.052740001359,470.34556355037,529.66513387987,471.343626351206,470.328093658801,466.576811114629,471.553540448601,382.560751920167,529.070797466424,488.567607286827,462.999802592818,0,483.177249317787,480.363057721554,526.479533010791,359.462271553127,535.62668218318,511.740805711154,510.750081177431,509.054388102607,463.733647074189,564.24338041946,521.57530571767,504.360632651562,490.699613362486,509.751348407455,457.609834207993,535.62668218318,470.34556355037,471.488415189815,509.325047449703,468.926139147404,469.184046728346,514.495981047173,500.5087777684,544.974067941945,489.508516539148,476.39888179807,473.631515437012,529.557717876444,529.557717876444,481.745204935904,509.325047449703,487.712863661031,464.998167245553,544.974067941945,484.027882158589,493.717601566127,492.308413149426,486.201476026564,529.66513387987,485.204413536554,540.052740001359,222.444138593911,504.451123556864,258.947166368674,469.572954259063,471.2270803711,471.639468170058,471.637357309429,467.683456184648,471.2270803711,564.24338041946,470.192901315909,497.758729017195,481.983765146447,466.387324077031,502.936076690438,471.669196842782,469.306622658028,536.20396859639,516.86384399437,477.36982837426,472.011434861456,537.664457634261,471.343626351206,512.150442365855,493.96037096725,504.221208836426,456.91564347383,529.290919177759,506.819473382895,493.507719036567,338.882826394919,459.519476096897,494.935680964014,535.736098418023,502.695627721902,519.095635641619,461.595677639508,508.778307810744,509.325047449703,504.874613659701,497.170921631743,502.695627721902,526.479533010791,471.639468170058,516.86384399437,468.963820417921,503.359011602116,468.153016418774,469.306622658028,513.234925329865,550.751951726839,510.61314496317,471.242719050187,498.477838060867,535.736098418023,500.5087777684,537.288837558974,470.34556355037,472.857115137598,461.595677639508,466.579622745959,564.24338041946,424.273382561881,471.931853473893,469.614673332453,510.61314496317,503.343136406741,459.920812866504,541.346623232428,512.994085992293,488.461245872,508.964112545023,516.724586604116,473.04458728823,471.669196842782,534.177426285344,529.557717876444,481.983765146447,471.488415189815,534.177426285344,500.5087777684,550.751951726839,502.936076690438,509.325047449703,504.874613659701,503.30913374774,508.431866428659,471.931853473893,503.359011602116,509.325047449703,536.20396859639,503.343136406741,547.491604105868,256.721581805874,468.153016418774,471.146131338693,509.325047449703,504.083621172126,469.562039116731,546.370172347472,470.34556355037,537.288837558974,491.659913221758,485.500170840129,458.719332315142,470.592037344466,373.828192236314,504.221208836426,506.638693158229,504.221208836426,505.845417591831,527.400625309334,521.57530571767,471.52996108692,501.781158671219,468.153016418774,504.267946133615,524.096551169739,472.373452487059,519.095635641619,500.53396618047,542.97464210454,564.24338041946,402.724330383313,504.221208836426,526.479533010791,471.732340823768,487.297828124696,458.719332315142
483.034056696214,204.915189423724,371.285904910707,187.230023780899,204.680101855578,252.535865801744,219.989945975044,215.068365702593,243.159728311712,204.680101855578,246.537296445109,253.481240947504,231.742771592373,249.802213947068,485.224853258092,421.635052658419,280.988039405276,271.863958142286,483.177249317787,0,261.369343402356,201.494281171572,475.605313204817,210.6421117593,194.71877479948,185.739651477382,184.66809070583,290.951708922306,239.259373304906,196.589363305105,401.691475477992,164.94946782337,369.621437815416,285.536839418688,210.6421117593,243.159728311712,252.814503122592,361.721053500032,240.057614290053,242.421969469798,189.507432426062,178.70612669663,219.989945975044,165.141730808649,203.664688068801,367.681389144981,204.573017340256,204.573017340256,306.420993658055,361.721053500032,162.695455856844,294.809321433299,219.989945975044,153.634772589275,230.132458643075,387.596099560045,266.258678320829,204.680101855577,155.353116154769,215.068365702592,485.181036518281,321.757368254833,486.828893080454,243.029040896789,253.464839851454,248.634139612029,248.354461544602,233.595714212407,253.464839851454,239.259373304906,249.224448571276,381.816067613795,264.353100513255,229.493929684782,178.645847003515,366.112379217919,238.289788032191,211.219912253312,192.49803940331,371.285904910707,258.172853997092,212.68010340762,246.537296445109,187.160556994403,162.177403409996,180.255253355883,292.558553686434,204.461031228956,186.392325249109,372.654211063982,490.320679278801,238.74733284308,345.208612098788,210.751615069875,178.638742919801,194.109205818009,229.621787377101,366.203728089595,361.721053500032,180.443926171857,172.188257946771,178.638742919801,201.494281171572,248.634139612029,192.49803940331,216.358720773388,179.141205551804,233.353117769283,238.289788032191,188.295830452612,225.767907980388,185.614761267369,250.436294500467,173.517140326762,210.751615069875,178.70612669663,212.304221078486,243.159728311712,247.603495405632,229.621787377101,220.658653745865,239.259373304906,486.355427124024,251.092374924683,364.188938976266,185.614761267369,179.181404259876,288.167229516182,217.380997699231,188.018390009476,163.927904275207,183.973397399486,191.737252974211,190.653937462117,366.112379217919,209.193012876197,204.573017340256,264.353100513255,252.814503122592,209.193012876197,178.70612669663,225.767907980388,178.645847003515,361.721053500032,180.443926171857,178.266386305106,364.262355258577,251.092374924683,179.141205551804,361.721053500032,211.219912253312,179.181404259876,439.205951516374,481.322122356488,233.353117769283,248.238695308856,361.721053500032,179.87972894865,241.529427199703,221.385891284414,243.159728311712,212.304221078486,288.35819247415,156.06331679959,294.07137019099,245.318519326316,472.621786691642,180.255253355883,182.233008205219,180.255253355883,181.469745762157,202.415345911928,196.589363305105,250.063233335052,324.813046175288,233.353117769283,180.377422956805,199.11111717075,259.675963343108,194.109205818009,316.137031867382,217.990254719966,239.259373304906,483.680845843409,180.255253355883,201.494281171572,254.600886555921,159.278040824947,294.07137019099
480.331286586829,311.080849141084,355.505620454918,293.387790955964,310.841889022324,191.832158640393,326.148673156281,321.228034897295,224.403564017144,310.841889022324,225.281827022418,215.435789190283,223.074366029847,228.252685053782,481.437516291764,405.785843043317,198.141363934134,257.616098193242,480.363057721554,261.369343402356,0,307.65581325071,474.591487962888,316.802330473052,298.138330250205,291.984602612257,291.442185387198,272.817080207472,345.417865007524,302.748521675383,385.710455327744,271.086812146463,346.043559273808,265.017809705047,316.802330473052,224.403564017144,231.141772284282,335.917533849647,225.52740224486,228.856102230419,295.670444379718,284.722237290133,326.148673156281,272.523923560782,243.195647865286,351.906969426583,310.729865258327,310.729865258327,276.267004628851,335.917533849647,270.466241736187,271.705294707826,326.148673156281,264.680174288845,275.333254398863,371.437919283121,307.530718390471,310.841889022324,265.555898789867,321.228034897295,482.389544374412,281.372481764323,484.218793450059,226.03527226796,229.95333296365,222.722759003535,226.928148157169,222.953264837412,229.95333296365,345.417865007524,246.803164567484,386.52648014232,103.23792737351,225.973087033602,285.443228865264,350.363974862642,222.685538208138,317.370805813203,299.271577500819,355.505620454918,221.977808615579,318.838581236476,225.281827022418,293.299731193069,273.496053150007,287.022409932923,271.36239869307,309.871145936391,291.715690959677,355.790467444461,487.707875441674,234.766877084306,320.75345746626,316.911044205011,285.439406920182,300.264473652549,229.100624978912,342.050950183553,335.917533849647,287.219338624435,278.716415310761,285.439406920182,307.65581325071,222.722759003535,299.271577500819,230.062433330809,285.930508348161,221.361600013988,222.685538208138,294.039039833281,331.926476328691,291.598833391047,202.092325653143,278.441990470443,316.911044205011,284.722237290133,318.465005746388,224.403564017144,247.511242369448,229.100624978912,225.909235049635,345.417865007524,481.199870885651,227.471440361465,348.444570797756,291.598833391047,285.968760037344,266.918379383473,324.132047114928,293.965586747488,271.431143196987,289.867352454893,297.894963036978,240.334742673335,350.363974862642,315.349681441607,310.729865258327,103.23792737351,231.141772284282,315.349681441607,284.722237290133,331.926476328691,285.443228865264,335.917533849647,287.219338624435,284.648227624648,339.499961068135,227.471440361465,285.930508348161,335.917533849647,317.370805813203,285.968760037344,423.312590043746,478.459080892021,221.361600013988,232.118307211606,335.917533849647,286.66230489658,224.933126277079,327.54559659349,224.403564017144,318.465005746388,217.473893779391,265.781609490085,272.46963998718,231.316462799168,472.081349148016,287.022409932923,289.007595102484,287.022409932923,288.247695171294,308.578224425757,302.748521675383,224.202843535172,286.792930511747,221.361600013988,287.132151111009,305.269006056427,253.364591266631,300.264473652549,270.250437037574,324.15027145923,345.417865007524,482.418336128391,287.022409932923,307.65581325071,232.921566653612,267.966616150282,272.46963998718
526.342594020445,21.7214767397685,415.361747504504,44.618925602503,15.2819885650036,298.389842540524,33.3801011100853,28.1729651688365,288.132649236804,15.2819885650036,291.52444489876,298.763590108352,276.543530300915,294.689537948426,528.619822610586,465.715018824171,326.750210563868,316.005447508914,526.479533010791,201.494281171572,307.65581325071,0,518.807393451047,23.4237626833815,189.142410551185,70.5487808081432,130.249590118839,335.217129609697,52.7131362958099,23.6998467875452,445.781461042165,121.429353356228,414.090103370686,329.89752818045,23.4237626833815,288.132649236804,297.616734527066,406.284412623345,284.880348767211,287.086020249827,37.7587883384327,157.099965023605,33.3801011100854,136.707596283889,244.495008659109,411.756896487349,21.1772147463108,21.1772147463108,351.119088754964,406.284412623345,135.032514941726,339.262273617208,33.3801011100854,147.844697926682,279.715345544358,431.696320660839,307.398033089228,15.2819885650034,147.456804069945,28.1729651688366,528.476871385692,367.083591097615,530.110556101948,287.87940350989,298.318901863917,293.744932594606,293.289691674523,278.490381826152,298.318901863917,52.7131362958099,292.870232802112,425.091545913708,310.624956087559,274.00534470346,128.148410422969,410.186242422333,283.30116059518,34.5414010542324,138.545285044716,415.361747504504,303.336123961019,26.1974484875652,291.52444489876,48.9269385906016,166.524348000111,136.576767016381,336.931295412977,124.065925723122,171.047365279865,416.796748876411,533.588507869573,282.537880152762,389.894781633685,23.6923524749065,134.274929587321,30.3092408519823,273.498144779382,410.695656208063,406.284412623345,125.007945044452,86.4051059625746,134.274929587321,0,293.744932594606,138.545285044716,260.493466388194,130.071133104855,278.402655510056,283.30116059518,94.7801873846875,39.2069535603173,81.2760028074194,296.062926589235,127.571745336955,23.6923524749065,157.099965023605,25.2316157783522,288.132649236804,291.135654109952,273.498144779382,265.1354413077,52.7131362958099,529.844668286864,296.037520496145,408.262607118203,81.2760028074194,131.464736498951,332.555087321724,172.937692394348,79.0738248686354,136.302019242151,87.1309969453694,33.9544503700974,231.315215381704,410.186242422333,24.9305384708529,21.1772147463108,310.624956087559,297.616734527066,24.9305384708529,157.099965023605,39.2069535603173,128.148410422969,406.284412623345,125.007945044452,83.8482171035047,408.782745422962,296.037520496145,130.071133104855,406.284412623345,34.5414010542324,131.464736498951,483.288573696385,524.635259954491,278.402655510056,292.901391505449,406.284412623345,130.804802641229,286.428873939084,34.6042692358164,288.132649236804,25.2316157783522,333.971906537385,146.274550463876,338.459910397085,289.94757174692,515.795827553825,136.576767016381,127.364230808425,136.576767016381,127.59855982291,13.4099588415599,23.6998467875452,295.116494923736,369.989872240532,278.402655510056,138.030853927579,21.2771537798812,303.498250995312,30.3092408519823,361.325908770321,31.0946757776584,52.7131362958099,526.92139751235,136.576767016381,0,299.365150845355,138.882725673917,338.459910397085
342.767507318406,522.22810418658,482.126313245419,504.54878815614,521.992952528129,468.965305592588,537.302087551895,532.380695349805,465.542746276999,521.992952528129,466.614473270241,465.64314815231,461.577049829577,466.984272158968,395.567966151069,533.68066649108,483.290117634644,460.557939661509,359.462271553127,475.605313204817,474.591487962888,518.807393451047,0,527.954604214114,503.636955932078,503.072513858142,501.275290487724,462.344254903363,556.571411714984,513.903440140411,509.177704361093,483.094743295751,508.127537526623,456.03999656478,527.954604214114,465.542746276999,467.083630618314,506.933022445454,464.129436129759,464.532773329427,506.823986676954,492.577038870348,537.302087551895,481.672469155439,470.464850047971,478.402291721182,521.885957010596,521.885957010596,478.98157750723,506.933022445454,479.89746077391,463.263374074037,537.302087551895,476.378957775022,485.472252922841,496.847533640415,475.413332443834,521.992952528129,477.584432936432,532.380695349805,367.407519835742,498.558679100613,367.453217357086,464.848308114357,466.824804279589,466.902338282114,466.987544903972,462.678146983293,466.824804279589,556.571411714984,466.226984825873,483.078279465656,476.177385969082,461.399210056713,495.146625992096,476.484429030553,464.360242044746,528.532693830812,509.083039318162,482.126313245419,467.502828041337,529.992519530956,466.614473270241,504.480725127272,486.404512458462,496.406687867445,455.758145319951,521.673691605266,498.833019205805,496.555548626196,390.968881903369,455.512594973893,489.646646544541,528.064084817626,494.885861537923,511.424164465524,456.994394771483,506.985982963967,506.933022445454,497.099203658595,489.46527665642,494.885861537923,518.807393451047,466.902338282114,509.083039318162,463.48380128198,495.56408244336,463.071645563227,464.360242044746,505.596789669234,543.079979154342,502.958214729453,466.20256871519,490.91504391073,528.064084817626,492.577038870348,529.616712058756,465.542746276999,468.693180231171,456.994394771483,461.27419309507,556.571411714984,436.649825514093,467.362214501149,474.443627409864,502.958214729453,495.543574355114,458.297738305976,533.533542969993,505.340577178653,480.628509369299,501.316693724755,509.05297036784,466.822838550362,476.484429030553,526.505657465272,521.885957010596,476.177385969082,467.083630618314,526.505657465272,492.577038870348,543.079979154342,495.146625992096,506.933022445454,497.099203658595,495.621907351944,506.350262526328,467.362214501149,495.56408244336,506.933022445454,528.532693830812,495.543574355114,552.009164296395,351.458100369386,463.071645563227,466.649155782599,506.933022445454,496.288109556062,464.762759414585,538.698116486749,465.542746276999,529.616712058756,486.559063321164,477.888109697999,457.48789251199,466.015162030038,230.565512666378,496.406687867445,498.861213671314,496.406687867445,498.065058887683,519.728365795691,513.903440140411,466.875221279013,496.227618514611,463.071645563227,496.448083416486,516.424757801913,468.809628723101,511.424164465524,495.930215573438,535.302566954816,556.571411714984,332.85482575293,496.406687867445,518.807393451047,467.411526723664,479.65722253486,457.48789251199
535.489751514631,27.8034916578852,424.508302226842,53.9431005011805,19.1634506412581,307.536148993788,21.9120591410845,14.4322246915708,297.27866010209,19.1634506412581,300.670483211488,307.909787447596,285.689426248938,303.835583212663,537.766952977915,474.861568314675,335.896709715163,325.151546760653,535.62668218318,210.6421117593,316.802330473052,23.4237626833815,527.954604214114,0,198.29494081283,79.7797541494034,139.399249527925,344.363383072856,41.3036828710764,33.7755156984271,454.928044520754,130.576537295234,423.236731135727,339.043820431698,0,297.27866010209,306.762788729304,415.431042318655,294.026309690793,296.231967327874,47.1735578639195,166.253640920311,21.9120591410844,145.862535890697,253.63989039096,420.903451753343,27.4268016472273,27.4268016472273,360.265500626505,415.431042318655,144.187490491026,348.40861597883,21.9120591410844,156.994216279638,288.863023897368,440.842899141899,316.546295390613,19.1634506412577,156.605659252291,14.4322246915706,537.624019590301,376.230384549905,539.257709381084,297.025393483087,307.464977252707,302.891018726145,302.435733178997,287.636304628615,307.464977252707,41.3036828710764,302.016012560004,434.238984011483,319.771497706772,283.151162878445,137.302364357369,419.332799039563,292.447140157579,41.5716815876723,147.693382242649,424.508302226842,312.482320399329,20.8652058460696,300.670483211488,58.2059353216441,175.671952364459,145.730760017479,346.077645089604,133.185063227188,180.200617052184,425.943255723504,542.735656829678,291.683691757755,399.041641755886,14.3323451158111,143.429450084627,39.8143381679189,282.643884981238,419.842277586125,415.431042318655,134.159956274456,95.5915609038338,143.429450084627,23.4237626833814,302.891018726145,147.693382242649,269.639057510487,139.224647934247,287.548602629668,292.447140157579,103.900460756081,27.8008950931847,90.4287228162724,305.209175426025,136.711338424838,14.3323451158111,166.253640920311,14.0137140576884,297.27866010209,300.281379254057,282.643884981238,274.28116113257,41.3036828710764,538.991759975831,305.183588478579,417.409164311664,90.4287228162724,140.618422825753,341.701392092701,182.091185747268,88.2047133706459,145.456902134381,96.2705209035338,43.4267315684676,240.459999276151,419.332799039563,27.8911423403187,27.4268016472273,319.771497706772,306.762788729304,27.8911423403187,166.253640920311,27.8008950931847,137.302364357369,415.431042318655,134.159956274456,93.043789852691,417.929376488003,305.183588478579,139.224647934247,415.431042318655,41.5716815876723,140.618422825753,492.435119918252,533.782410304153,287.548602629668,302.047374155152,415.431042318655,139.957862983433,295.574859912692,21.7170772431809,297.27866010209,14.0137140576884,343.118408537606,155.423195205006,347.606264961869,299.093525129314,524.943053513939,145.730760017479,136.514954525234,145.730760017479,136.749907112874,22.69035722326,33.7755156984271,304.262582929107,379.136644028088,287.548602629668,147.18489529963,31.2492234994135,312.644127656184,39.8143381679189,370.472492751746,17.2292766953542,41.3036828710764,536.068607464061,145.730760017479,23.4237626833814,308.511210067379,148.03252716116,347.606264961869
511.555154958855,192.523215267935,404.729463714506,174.979166995136,192.322806105852,290.0771951048,207.652330222106,202.724308000107,281.408287955186,192.322806105852,284.624541855068,290.939947739337,270.511662073933,287.702104024175,514.043008067666,455.117802506832,317.154876810526,308.336551250444,511.740805711154,194.71877479948,298.138330250205,189.142410551185,503.636955932078,198.29494081283,0,172.86605287781,157.922289449439,326.604588705956,226.922708997223,184.270499405565,434.976266880922,162.19572668256,403.16470078767,321.077737193297,198.29494081283,281.408287955186,290.534730254581,395.385265106501,278.423766790493,280.653039060705,177.182729556427,120.246240952017,207.652330222107,133.838345623577,243.662825438711,401.121028151166,192.261905505068,192.261905505068,341.671042962797,395.385265106501,136.6202202816,330.159447049315,207.652330222107,159.122202486675,264.090987540203,420.927646073543,284.879996807266,192.322806105852,161.845362517403,202.724308000108,513.740953040825,355.435649619146,515.336060523513,281.241752039546,291.119349998536,286.580905898604,286.34707627267,272.3191062525,291.119349998536,226.922708997223,287.06521535054,408.535691134124,300.944733823254,268.369333969098,150.354788628341,399.540955661121,276.800737885837,198.961299618819,165.470494540227,404.729463714506,295.47073281161,200.347990443102,284.624541855068,175.095266676853,178.231515264179,147.684680938908,327.746824794861,197.738990022704,109.658842750987,406.502194388121,518.833713543299,276.599703516557,377.573437780966,198.411416000189,147.077794855133,181.836127089,268.089696238006,399.820602235162,395.385265106501,154.307122106229,156.080951436466,147.077794855133,189.142410551186,286.580905898604,165.470494540227,256.25396482229,149.906286535096,272.134844872581,276.800737885837,179.58861701099,213.430923766815,175.226751257678,288.038462030493,173.024156034041,198.411416000189,120.246240952017,199.951838049802,281.408287955186,285.64060511258,268.089696238006,260.157663290696,226.922708997223,515.554222403165,288.924597863564,397.613625471818,175.226751257678,149.179545512342,323.666449171653,184.917070961252,177.717382546962,133.905672749193,174.395184068248,179.450886803418,231.3932287026,399.540955661121,196.880106919075,192.261905505068,300.944733823254,290.534730254581,196.880106919075,120.246240952017,213.430923766815,150.354788628341,395.385265106501,154.307122106229,164.430638298053,397.857384776148,288.924597863564,149.906286535096,395.385265106501,198.961299618819,149.179545512342,472.713317963675,509.894541972536,272.134844872581,286.231938828897,395.385265106501,150.505479482227,279.838555504842,209.040246823131,281.408287955186,199.951838049802,324.302173329158,162.228967341646,329.25085835651,283.457487397936,500.517416946334,147.684680938908,155.754030269065,147.684680938908,154.540821762956,190.050076109064,184.270499405565,287.91653356767,358.423339016025,272.134844872581,146.8524070348,186.798701769718,297.136640285326,181.836127089,350.966628154553,205.642785505158,226.922708997223,511.774683273985,147.684680938908,189.142410551186,292.234133173789,159.346617720374,329.25085835651
510.612431986882,73.8589432085917,399.684403260299,55.1767239345804,73.7460195753882,282.73653162509,89.1846835952843,84.2314570327036,272.50403909498,73.7460195753882,275.893436331079,283.119054745686,260.924814082493,279.057757669041,512.892100775564,450.038130247407,311.079944378783,300.36764617521,510.750081177431,185.739651477382,291.984602612257,70.5487808081432,503.072513858142,79.7797541494034,172.86605287781,0,113.424253078813,319.566138266477,108.464068699433,65.6525326728096,430.101697092997,106.180242869624,398.407053383199,314.243339059665,79.7797541494038,272.50403909498,281.984031337863,390.601318108406,269.255904593942,271.462529771283,57.8655713786467,140.650037985372,89.1846835952845,120.21695309717,228.960464938996,396.079505190137,73.8120287145019,73.8120287145019,335.455032056518,390.601318108406,118.58996202148,323.603886161535,89.1846835952845,132.043403045362,263.945982578858,416.017003385155,291.570113538674,73.7460195753883,131.733350231566,84.2314570327039,512.747495413444,351.387223126192,514.380725983973,272.252437569955,282.684419644652,278.109906542291,277.658319068706,262.869440601399,282.684419644652,108.464068699433,277.259458939859,409.337116587987,294.951596957616,258.39303848807,111.305310981079,394.508731662871,267.675380907913,80.7149437635746,121.753553985694,399.684403260299,287.69149527946,81.8727763259929,275.893436331079,56.1049321156534,150.883364864459,119.834162228391,321.272148975293,112.866153889035,154.669666455119,401.1236527752,517.859033786185,266.924661918199,374.191900185382,79.9129329096669,117.515036158536,63.2512767565377,257.891520421346,395.013188483528,390.601318108406,108.126180104325,68.0342812643969,117.515036158536,70.5487808081435,278.109906542291,121.753553985694,244.900957789434,113.257159731821,262.779816569797,267.675380907913,85.465910749116,94.9695532976307,71.4415080185309,280.414360536789,113.026194105247,79.9129329096669,140.650037985372,81.4272983802826,272.50403909498,275.529482501923,257.891520421346,249.531918581267,108.464068699433,514.120392265567,280.403833166997,392.585047016818,71.4415080185309,114.66801544939,316.899856764752,156.191406509863,72.9331787337421,119.832282116685,76.8053618088398,60.61302300381,215.791301555906,394.508731662871,78.4452860311775,73.8120287145019,294.951596957616,281.984031337863,78.4452860311775,140.650037985372,94.9695532976307,111.305310981079,390.601318108406,108.126180104325,61.6643403059992,393.099477214287,280.403833166997,113.257159731821,390.601318108406,80.7149437635746,114.66801544939,467.61197006511,508.905719345364,262.779816569797,277.274757314705,390.601318108406,113.998551704222,270.802342524995,90.5587307515852,272.50403909498,81.4272983802826,318.301209375479,130.580363485322,322.80036564333,274.323463371099,500.059604855072,119.834162228391,110.513695067282,119.834162228391,110.75136758052,71.4318287366099,65.6525326728096,279.481215310668,354.295212718731,262.779816569797,121.306576332115,68.2697174708268,287.879302814978,63.2512767565377,345.647559372865,87.1487223591468,108.464068699433,511.186632503654,119.834162228391,70.5487808081435,283.731945232774,123.124181206139,322.80036564333
508.90414974957,133.541346718729,398.957682561645,116.382591068008,133.413002591254,282.507357509501,148.77192726895,143.83214547454,272.697588912604,133.413002591254,276.043419954481,283.031409100494,261.294408197955,279.18999041073,511.230948536292,449.319798458876,310.53833708694,300.361760972445,509.054388102607,184.66809070583,291.442185387198,130.249590118839,501.275290487724,139.399249527925,157.922289449439,113.424253078813,0,319.324762435934,168.042851623838,125.461818163059,429.332044371349,121.172238624692,397.591105698544,313.947428572804,139.399249527925,272.697588912604,282.096269867599,389.787727126742,269.520630205282,271.738913147403,118.410659334583,118.42864263973,148.77192726895,103.630944093557,230.744147353645,395.3519231462,133.449207378217,133.449207378217,334.99163014727,389.787727126742,106.325794524039,323.234995711648,148.77192726895,133.835678091637,261.719106994428,415.255818555778,288.028784982242,133.413002591254,134.992471300726,143.83214547454,511.052936220149,350.357172820415,512.677458342311,272.471769810686,282.765909901497,278.190533757333,277.799755762091,263.20144057808,282.765909901497,168.042851623838,277.728181971444,407.189335532533,294.369538796091,258.870174938363,55.6687470906049,393.778920491333,267.922424662571,140.252304507211,33.4777038549437,398.957682561645,287.598074547127,141.484116646255,276.043419954481,116.862370598308,154.171206669771,73.5133923076705,320.886579188845,147.986955459108,135.827665461889,400.476525495028,516.161674793875,267.355158113403,373.023364806629,139.530778972963,73.7583339072216,123.130296446893,258.448018987655,394.208581705459,389.787727126742,36.6512128796438,90.3389275983212,73.7583339072216,130.249590118838,278.190533757333,33.4777038549437,245.733052920397,56.69206378873,263.082502476811,267.922424662571,127.115063157001,154.550822468667,120.250397866863,280.26453124066,131.796420789026,139.530778972963,118.42864263973,141.044286849546,272.697588912604,276.078251111704,258.448018987655,250.171292256712,168.042851623838,512.524801923169,280.503149948792,391.854341292975,120.250397866863,61.0423509009831,316.586007671156,105.670544627614,122.696417209543,104.618865150302,120.780354377716,120.734059891291,217.794629764912,393.778920491333,138.059794228377,133.449207378217,294.369538796091,282.096269867599,138.059794228377,118.42864263973,154.550822468667,55.6687470906049,389.787727126742,36.6512128796438,103.929617113979,392.281303342823,280.503149948792,56.69206378873,389.787727126742,140.252304507211,61.0423509009831,466.898888456478,507.208816797792,263.082502476811,277.493277477681,389.787727126742,54.5371145088976,271.031462191644,150.141405729017,272.697588912604,141.044286849546,317.747036374357,134.486967458472,322.408132724606,274.587165081957,498.237147655344,73.5133923076705,26.6613358605434,73.5133923076705,30.2283597813377,131.127542156283,125.461818163059,279.555163831383,353.291501247182,263.082502476811,77.0175509158483,127.994595990723,288.20525834239,123.130296446893,344.940563402588,146.741777612086,168.042851623838,509.392855631303,73.5133923076705,130.249590118838,283.833601897395,127.871509412823,322.408132724606
464.874995656479,338.64340253443,283.99059032848,320.946931505957,338.403329316401,254.964907544014,353.709357940421,348.788958605972,237.612695285324,338.403329316401,237.773517741539,240.133024890666,235.805331526239,235.093765521118,465.31862891853,333.594438300122,277.304463194452,170.419491786834,463.733647074189,290.951708922306,272.817080207472,335.217129609697,462.344254903363,344.363383072856,326.604588705956,319.566138266477,319.324762435934,0,372.978500640044,330.30896675032,318.002424947095,298.478719638646,313.29566190109,159.647163018651,344.363383072856,237.612695285324,231.974705622932,311.189219970991,235.213546363504,232.364157524274,323.231530091678,312.946846307863,353.709357940421,300.598177182503,258.822115132769,280.457028395273,338.289854976847,338.289854976847,242.553706106279,311.189219970991,298.51285571612,195.469760558247,353.709357940421,292.492732437732,313.403792424143,303.329290738837,335.757401099306,338.403329316401,293.247981753646,348.788958605972,465.462030367647,317.881444602846,467.495020377667,234.976268146092,232.245650198088,239.258597639035,236.642050179474,237.352388155799,232.245650198088,372.978500640044,215.278021290019,398.34395248864,275.61648478541,234.524511924532,313.354365763083,279.116401104504,238.691655492653,344.929098667047,327.158555118724,283.99059032848,238.926189519845,346.399141875583,237.773517741539,320.853224820579,301.105914731506,314.996646143509,179.221685242562,337.236036531594,320.029892229922,277.421141100313,470.104011673942,205.715846376583,327.569801395361,344.471871371252,313.403649971258,327.823624852032,220.856509059351,310.336447908461,311.189219970991,315.092416879245,306.390867215624,313.403649971258,335.217129609697,239.258597639035,327.158555118724,244.835442787052,313.855329805896,239.522332132781,238.691655492653,321.482419519084,359.487128127948,319.103162412172,247.805835071622,305.641804962267,344.471871371252,312.946846307863,346.026223424697,237.612695285324,222.197483243228,220.856509059351,239.938221462307,372.978500640044,463.325340615195,236.025867160871,277.2557767461,319.103162412172,313.905497544515,171.652066849714,352.101353749161,321.463345642748,299.505157854026,317.345907147479,325.45467598558,260.258570001108,279.116401104504,342.909674066319,338.289854976847,275.61648478541,231.974705622932,342.909674066319,312.946846307863,359.487128127948,313.354365763083,311.189219970991,315.092416879245,312.264643234812,311.432966272759,236.025867160871,313.855329805896,311.189219970991,344.929098667047,313.905497544515,350.69355231199,462.283706099527,239.522332132781,231.835093495772,311.189219970991,314.588167040238,236.319982821082,355.106551153549,237.612695285324,346.026223424697,279.531015539785,293.425555114463,184.650628156906,232.361011936327,460.799898221431,314.996646143509,316.885998180545,314.996646143509,316.133821595367,336.139949330638,330.30896675032,237.706687756017,314.810007064392,239.522332132781,315.119409306046,332.829165920205,208.419955063207,327.823624852032,293.249226018499,351.71130002989,372.978500640044,471.145283285272,314.996646143509,335.217129609697,230.621871683879,295.617333266323,184.650628156906
564.106464096196,57.6275120512527,453.123950206995,82.6290619619815,49.4490723992838,336.15132218723,31.0893504371167,37.1935282393596,325.893332998727,49.4490723992838,329.285204241009,336.524781557599,314.303900065964,332.450319049587,566.383616541747,503.477207103395,364.512223201389,353.766397779176,564.24338041946,239.259373304906,345.417865007524,52.7131362958099,556.571411714984,41.3036828710764,226.922708997223,108.464068699433,168.042851623838,372.978500640044,0,62.43975372044,483.543741754183,159.186119914194,451.852496713141,367.659003193434,41.3036828710765,325.893332998727,335.377542501829,444.046809210552,322.640898162521,324.846535557445,75.8896911596143,194.885191190529,31.0893504371167,174.494147529464,282.252660546572,449.519100684383,55.0718788111583,55.0718788111583,388.880884278125,444.046809210552,172.817743452685,377.023883972479,31.0893504371167,185.612404335502,317.4805357574,469.458587417484,345.164973111874,49.4490723992836,185.222463906352,37.1935282393594,566.240716280287,404.846421826703,567.874415200058,325.640032621998,336.079767048154,331.505821058368,331.050461161901,316.250823584309,336.079767048154,0,330.630316407847,462.856185911732,348.387075357134,311.765506495644,165.944385849391,447.94845036989,321.061756667203,69.0982084768391,176.33656680125,453.123950206995,341.097315717259,44.4943606158593,329.285204241009,86.8547192436488,204.287245953883,174.369877918165,374.692927864126,161.749648917817,208.830556162619,454.558818454321,571.352355433406,320.298046489435,427.657808154532,41.6261724592579,172.068737126226,68.4210339009935,311.258109370992,448.458031518906,444.046809210552,162.804317196413,124.259305745336,172.068737126226,52.7131362958097,331.505821058368,176.33656680125,298.253004676842,167.866033792156,316.163160610036,321.061756667203,132.459531833937,23.601742804488,119.013586548755,333.824252267268,165.310121617967,41.6261724592579,194.885191190529,43.2646279616094,325.893332998727,328.895589954013,311.258109370992,302.895329713385,0,567.608354254335,333.798362924553,446.024816642343,119.013586548755,169.259218716193,370.316596033019,210.730676141263,116.762524497262,174.087988905194,124.847685283158,72.1047568775681,269.072570499816,447.94845036989,54.3340347360642,55.0718788111583,348.387075357134,335.377542501829,54.3340347360642,194.885191190529,23.601742804488,165.944385849391,444.046809210552,162.804317196413,121.707807034193,446.545146696777,333.798362924553,167.866033792156,444.046809210552,69.0982084768391,169.259218716193,521.050752960811,562.399110358459,316.163160610036,330.662005314904,444.046809210552,168.599254818191,324.189490693593,37.3293362562913,325.893332998727,43.2646279616094,371.733930085722,184.039486549923,376.221555872919,327.708105463658,553.559888042994,174.369877918165,165.158899186176,174.369877918165,165.393409913912,52.4442399280085,62.43975372044,332.877389987134,407.752646388693,316.163160610036,175.823486126747,59.7649991574815,341.258597026006,68.4210339009935,399.088166603166,39.9470000469325,0,564.685412745763,174.369877918165,52.7131362958097,337.125973660335,176.649897826251,376.221555872919
521.438401326054,29.8937776013662,410.454902202716,38.9467544393185,27.8113892874437,293.481685609791,43.1260138492862,38.2214303030838,283.223317653284,27.8113892874437,286.615232497514,293.855033075218,271.633714307918,289.780371533042,523.715504067281,460.80815078435,321.842903709323,311.0966397871,521.57530571767,196.589363305105,302.748521675383,23.6998467875452,513.903440140411,33.7755156984271,184.270499405565,65.6525326728096,125.461818163059,330.30896675032,62.43975372044,0,440.87473291742,116.479573358588,409.183511387582,324.98951625018,33.7755156984271,283.223317653284,292.707620573713,401.377816715743,279.970819378604,282.176455208098,31.6996486969048,152.242241564912,43.1260138492861,131.845468417745,239.581233837507,406.850053521893,26.4020985357209,26.4020985357209,346.211541785475,401.377816715743,130.163310957169,334.354462869261,43.1260138492861,142.935553605196,274.812753726345,426.789569735627,302.498788777845,27.8113892874436,142.543197686289,38.2214303030837,523.572640774203,362.177605563786,525.206348794595,282.969998616572,293.409873038292,288.835912387963,288.380501321469,273.58067067116,293.409873038292,62.43975372044,287.960119066207,420.188552620165,305.717772329863,269.095228295041,123.340688623251,405.279405488227,278.391684027656,34.2779214455086,133.759701121419,410.454902202716,298.427579754214,35.4907481490099,286.615232497514,43.1939633687547,161.608987418785,131.754586364384,332.023528120887,118.979656537658,166.183339977776,411.889688415155,528.684283930453,277.627873904221,384.989156773339,33.7008472123353,129.452010548445,20.6217230334943,268.587796548525,405.78903392918,401.377816715743,120.21750819989,81.6387284772496,129.452010548445,23.6998467875455,288.835912387963,133.759701121419,255.58237243717,125.261498298292,273.493028089214,278.391684027656,89.6216636271053,48.9348575034686,76.0611554175599,291.15454762547,122.599577259767,33.7008472123353,152.242241564912,35.6059776633093,283.223317653284,286.225319256996,268.587796548525,260.224881466986,62.43975372044,524.940173809565,291.128445270444,403.355772613311,76.0611554175599,126.651689759655,327.647124949022,168.118796917343,73.7894450420715,131.437443934057,81.9644113509004,26.6612726235974,226.400839162165,405.279405488227,31.5334712445866,26.4020985357209,305.717772329863,292.707620573713,31.5334712445866,152.242241564912,48.9348575034686,123.340688623251,401.377816715743,120.21750819989,79.0068935688917,403.876160873987,291.128445270444,125.261498298292,401.377816715743,34.2779214455086,126.651689759655,478.381691427404,519.731036332745,273.493028089214,287.991984269036,401.377816715743,125.996490285519,281.519443541691,44.6069933103531,283.223317653284,35.6059776633093,329.064630232454,141.359070746776,333.552161656166,285.038040450388,510.89194224266,131.754586364384,122.575253454938,131.754586364384,122.805606922713,25.6904122995802,0,290.207491529583,365.083810923411,273.493028089214,133.205957178275,17.0273346534342,298.588530870966,20.6217230334943,356.419038493471,41.2168219730834,62.43975372044,522.017436081505,131.754586364384,23.6998467875455,294.456064828832,133.967112068558,333.552161656166
507.52965805151,449.205833484991,256.700175471601,431.515200380997,448.967442929982,373.428353110933,464.274536573208,459.353797029338,363.630500810996,448.967442929982,364.011558967814,363.582270315712,361.422515046763,362.611460086972,507.884955584777,308.50425310266,390.268413569503,329.147349818679,504.360632651562,401.691475477992,385.710455327744,445.781461042165,509.177704361093,454.928044520754,434.976266880922,430.101697092997,429.332044371349,318.002424947095,483.543741754183,440.87473291742,0,409.389907061403,393.555538126795,315.942306336024,454.928044520754,363.630500810996,360.872736176855,398.196623998565,361.927327745832,360.607104049467,433.796595524405,422.17573931159,464.274536573208,410.305685786164,379.532064801233,252.937881681456,448.856182951518,448.856182951518,359.620136315971,398.196623998565,408.322899177505,327.630022132165,464.274536573208,403.133093140763,418.932053774512,202.396524666358,431.776849130003,448.967442929982,404.044681839405,459.353797029338,505.515429733721,417.498241621428,507.745354545501,361.95788291275,360.722158777119,364.64890450963,363.508261067447,362.675717078519,360.722158777119,483.543741754183,353.186263597723,475.511166919077,387.864462101099,360.877505524891,423.308074951799,251.127880477926,363.912842265286,455.497988890139,437.157047784075,256.700175471601,363.528086413175,456.964540822661,364.011558967814,431.430254177363,412.222910395686,424.821498047227,311.670958682262,448.090571347434,428.984511706172,275.197257057253,508.724917852979,343.12734554777,413.480750527694,455.036872117595,423.252657072222,438.391460890826,351.709861976046,392.970621018617,398.196623998565,425.118684398975,416.779009535744,423.252657072222,445.781461042165,364.64890450963,437.157047784075,368.050570379761,423.780895055311,363.996412415193,363.912842265286,432.226004824307,470.052348572758,429.757884859101,368.233991913243,416.781419970712,455.036872117595,422.17573931159,456.590634492024,363.630500810996,357.971784839148,351.709861976046,364.10240438997,483.543741754183,504.300832194962,363.126495979222,249.050259592742,429.757884859101,423.807213563631,319.485683271793,461.933791750507,432.125747376626,409.228489460085,428.040204419387,436.021741015465,378.977623770458,251.127880477926,453.475962771025,448.856182951518,387.864462101099,360.872736176855,453.475962771025,422.17573931159,470.052348572758,423.308074951799,398.196623998565,425.118684398975,422.749110154209,395.542036907338,363.126495979222,423.780895055311,398.196623998565,455.497988890139,423.807213563631,326.991358825298,503.792578782244,363.996412415193,361.102149672804,398.196623998565,424.510799403858,362.697823389861,465.671331466458,363.630500810996,456.590634492024,392.162875358229,404.26718472463,314.831087882552,361.255393635964,508.924556873362,424.821498047227,426.901611844937,424.821498047227,426.134567955009,446.70364966402,440.87473291742,363.717315051396,413.133505214433,363.996412415193,424.91686706841,443.395316403347,350.989395976131,438.391460890826,399.841972205295,462.275977948172,483.543741754183,519.823172357226,424.821498047227,445.781461042165,360.254581384876,406.320863529972,314.831087882552
490.570830629297,124.896199840266,378.942824116582,107.006718370592,124.623101964329,261.619524235468,139.916845231591,135.000603922479,251.095666100035,124.623101964329,254.516166472657,261.907973134415,239.39215961193,257.694710727395,492.816435642971,429.290590975938,290.187231261045,279.115045351894,490.699613362486,164.94946782337,271.086812146463,121.429353356228,483.094743295751,130.576537295234,162.19572668256,106.180242869624,121.172238624692,298.478719638646,159.186119914194,116.479573358588,409.389907061403,0,377.723409356763,293.193085238772,130.576537295234,251.095666100035,260.636585499096,369.914956032339,247.798609244995,249.999359303911,109.386474442876,134.082566892551,139.916845231591,113.473494040721,206.465074052889,375.338535489046,124.463543986061,124.463543986061,314.519013778099,369.914956032339,110.119460933973,302.604046032032,139.916845231591,107.927154459949,244.23238722835,395.299101554934,272.847299118178,124.623101964329,105.648880434819,135.000603922479,492.696274524468,330.846602557953,494.335782310463,250.827386543565,261.358236027763,256.78062962226,256.287956110138,241.362455715626,261.358236027763,159.186119914194,255.676987804351,389.607358709183,274.082298823858,236.787352386796,116.794544303397,373.769360788307,246.227899399743,131.05235676683,129.255712502827,378.942824116582,266.48613013683,132.598690382751,254.516166472658,106.70848899529,125.075202789413,122.002838663832,300.285235996665,118.981385367519,146.315902818196,380.324858411531,497.810008754551,245.366332818035,353.755740371498,130.678627419473,119.84223880263,113.939632938875,236.240131806249,374.321260607777,369.914956032339,116.401132529417,96.8809596801247,119.84223880263,121.429353356228,256.78062962226,129.255712502827,223.042235959604,118.070917503484,241.291569612104,246.227899399743,104.03346557619,145.694715794831,102.925144170352,259.243337049543,80.6293221964084,130.678627419473,134.082566892551,132.244277561527,251.095666100035,253.891611891143,236.240131806249,227.808519654802,159.186119914194,493.997543821013,259.063542863538,371.846304514158,102.925144170352,118.793463463806,295.861921130023,158.832134235729,105.446255696975,112.439128725497,100.273134682855,111.577477751523,193.117577945485,373.769360788307,129.088189198605,124.463543986061,274.082298823858,260.636585499096,129.088189198605,134.082566892551,145.694715794831,116.794544303397,369.914956032339,116.401132529417,99.8685102106999,372.416833720854,259.063542863538,118.070917503484,369.914956032339,131.05235676683,118.793463463806,446.860698424733,488.85602307121,241.291569612104,255.853209195912,369.914956032339,118.864988984113,249.36949394789,141.320422591568,251.095666100035,132.244277561527,297.419083230788,103.578654383165,301.817948967213,252.869979011751,480.099929429149,122.002838663832,118.496899881248,122.002838663832,118.176796768629,122.366087054048,116.479573358589,258.157552494708,333.737328906968,241.291569612104,122.861321170969,118.997305550255,266.395790455497,113.939632938875,324.878790888963,137.92614567058,159.186119914194,491.206121983224,122.002838663832,121.429353356228,262.39264603358,95.0694578447179,301.817948967213
510.266913958226,417.514278459281,367.142801637791,399.824172678059,417.276066289411,336.577597208839,432.583283300146,427.662504828936,332.351562977244,417.276066289411,332.507853586622,328.811989929551,330.983072235848,331.496439345389,509.459291667012,417.598572065422,347.583269507917,316.6107158212,509.751348407455,369.621437815416,346.043559273808,414.090103370686,508.127537526623,423.236731135727,403.16470078767,398.407053383199,397.591105698544,313.29566190109,451.852496713141,409.183511387582,393.555538126795,377.723409356763,0,301.98189205394,423.236731135727,332.351562977244,330.211653598685,258.275392478811,331.389102987645,330.82952953305,402.105263705503,390.387240147852,432.583283300146,378.534060910504,349.672441854343,363.523767409758,417.165038108907,417.165038108907,310.07215992537,258.275392478811,376.554094688939,302.082723183347,432.583283300146,371.39168551596,384.861290550033,378.724099814479,399.743424586859,417.276066289411,372.323320013507,427.662504828936,511.722764972532,365.31596157642,513.886176486935,331.247307039935,329.599807204035,332.271961126503,332.191669931543,331.93245495185,329.599807204035,451.852496713141,330.759227332119,445.624173728299,347.723696584944,331.233234750155,391.56283199659,361.95283646589,332.666438425451,423.8071159882,405.415460775642,367.142801637791,328.960886944357,425.273306474101,332.507853586622,399.740124397604,380.51174424546,393.067036878264,296.957176509015,416.43080231621,397.185848402377,367.560512127448,517.108727362941,319.827908614587,349.231535320598,423.345594911045,391.499547305694,406.700443285151,324.802821391924,161.779209479717,258.275392478811,393.379144872165,385.069674281821,391.499547305694,414.090103370686,332.271961126503,405.415460775642,338.048401704191,392.033658559634,332.77841245446,332.666438425451,400.553483423299,438.361100827271,398.075528599814,332.309891534986,385.14686091363,423.345594911045,390.387240147852,424.899294668419,332.351562977244,334.491805497813,324.802821391924,334.036857818718,451.852496713141,506.312271343362,331.564497245602,360.009318339185,398.075528599814,392.05822262076,302.5355071448,430.180127724388,400.444506081034,377.456470869879,396.36195105091,404.330631189488,348.468783392983,361.95283646589,421.784818511179,417.165038108907,347.723696584944,330.211653598685,421.784818511179,390.387240147852,438.361100827271,391.56283199659,258.275392478811,393.379144872165,391.048842328012,221.081336505101,331.564497245602,392.033658559634,258.275392478811,423.8071159882,392.05822262076,435.233709680501,507.914266907347,332.77841245446,331.434298831115,258.275392478811,392.763433878659,331.797815491194,433.980034647665,332.351562977244,424.899294668419,347.944045484636,372.55411716613,297.309721789856,331.710070217711,506.651177748457,393.067036878264,395.161288269221,393.067036878264,394.393091137113,415.012226921608,409.183511387582,331.505804545683,357.150791682184,332.77841245446,393.160526235465,411.704141935213,330.941620200716,406.700443285151,344.655331832602,430.584668988403,451.852496713141,516.073229465698,393.067036878264,414.090103370686,329.850709140983,374.609102792518,297.309721789856
458.662993554084,333.32359580584,283.386383617104,315.627730747573,333.083705500204,247.469615618384,348.389853192578,343.469415964591,232.142788594906,333.083705500204,232.028911437869,232.547007786491,231.158314688346,229.273969703488,459.043080756222,333.1222217569,268.44412453517,182.834387377692,457.609834207993,285.536839418688,265.017809705047,329.89752818045,456.03999656478,339.043820431698,321.077737193297,314.243339059665,313.947428572804,159.647163018651,367.659003193434,324.98951625018,315.942306336024,293.193085238772,301.98189205394,0,339.043820431698,232.142788594906,226.059323113648,299.402246818264,230.229718778616,227.681305142148,317.911992244011,307.494826097475,348.389853192578,295.18878025646,254.840398225148,279.839117458713,332.970470920917,332.970470920917,225.303187663383,299.402246818264,293.112333287195,163.474507518631,348.389853192578,287.164336992336,307.176396901687,301.149108338702,329.290201267045,333.083705500204,287.937318288061,343.469415964591,459.366685636059,308.687674145985,461.401427630688,229.750886968778,225.997037019477,232.995930587016,230.862605355276,232.511514530114,225.997037019477,367.659003193434,216.530574312504,391.203409169253,267.734723842003,230.411391767692,307.971614021455,278.466137637062,233.456252007374,339.609993185764,321.780348286673,283.386383617104,231.019500917496,341.079659680275,232.028911437869,315.534966338124,295.822359472605,309.601174227824,149.719211458142,331.948202171491,314.553254554498,277.415621705437,464.08733332594,206.107027335608,318.23032445761,339.152345683548,308.010460893022,322.504394423866,218.509238348138,298.746640535985,299.402246818264,309.7169683268,301.052338534504,308.010460893022,329.89752818045,232.995930587016,321.780348286673,240.76301271619,308.469805269583,234.462700920988,233.456252007374,316.182232843006,354.167628271734,313.793198954786,240.375046325364,300.383227616464,339.152345683548,307.494826097475,340.706633593625,232.142788594906,222.56085206589,218.509238348138,235.765464714759,367.659003193434,457.034233404271,229.910825524219,276.591569186838,313.793198954786,308.517605549301,109.3945528805,346.706698099677,316.154310201101,294.096909735917,312.040211069781,320.135358511331,255.895335664485,278.466137637062,337.590287245821,332.970470920917,267.734723842003,226.059323113648,337.590287245821,307.494826097475,354.167628271734,307.971614021455,299.402246818264,309.7169683268,306.936233954029,299.842841490678,229.910825524219,308.469805269583,299.402246818264,339.609993185764,308.517605549301,350.30404240962,456.115420516873,234.462700920988,226.911198102442,299.402246818264,309.202374955562,231.093712511162,349.787002670622,232.142788594906,340.706633593625,270.205580833448,288.12074189547,155.104427388097,227.711075987758,454.464226459294,309.601174227824,311.509491984429,309.601174227824,310.755823105636,330.820279877296,324.98951625018,231.375977040949,305.245192543417,234.462700920988,309.721254867742,327.509759166991,211.900470032404,322.504394423866,282.405652578371,346.391740012368,367.659003193434,464.743882297325,309.601174227824,329.89752818045,224.652680177269,290.302405573163,155.104427388097
535.489751514631,27.8034916578852,424.508302226842,53.9431005011805,19.1634506412581,307.536148993788,21.9120591410845,14.4322246915708,297.27866010209,19.1634506412581,300.670483211488,307.909787447596,285.689426248938,303.835583212663,537.766952977915,474.861568314675,335.896709715163,325.151546760653,535.62668218318,210.6421117593,316.802330473052,23.4237626833815,527.954604214114,0,198.29494081283,79.7797541494038,139.399249527925,344.363383072856,41.3036828710765,33.7755156984271,454.928044520754,130.576537295234,423.236731135727,339.043820431698,0,297.27866010209,306.762788729304,415.431042318655,294.026309690793,296.231967327874,47.1735578639195,166.253640920311,21.9120591410844,145.862535890697,253.63989039096,420.903451753343,27.4268016472273,27.4268016472273,360.265500626505,415.431042318655,144.187490491026,348.40861597883,21.9120591410844,156.994216279638,288.863023897368,440.842899141899,316.546295390613,19.1634506412577,156.605659252291,14.4322246915706,537.624019590301,376.230384549905,539.257709381084,297.025393483087,307.464977252707,302.891018726145,302.435733178997,287.636304628615,307.464977252707,41.3036828710764,302.016012560004,434.238984011483,319.771497706772,283.151162878445,137.302364357369,419.332799039563,292.447140157579,41.5716815876723,147.693382242649,424.508302226842,312.482320399329,20.8652058460696,300.670483211488,58.2059353216441,175.671952364459,145.730760017479,346.077645089604,133.185063227188,180.200617052184,425.943255723504,542.735656829678,291.683691757755,399.041641755886,14.3323451158111,143.429450084627,39.8143381679189,282.643884981238,419.842277586125,415.431042318655,134.159956274456,95.5915609038338,143.429450084627,23.4237626833814,302.891018726145,147.693382242649,269.639057510487,139.224647934247,287.548602629668,292.447140157579,103.900460756081,27.8008950931847,90.4287228162724,305.209175426025,136.711338424838,14.3323451158111,166.253640920311,14.0137140576884,297.27866010209,300.281379254057,282.643884981238,274.28116113257,41.3036828710764,538.991759975831,305.183588478579,417.409164311664,90.4287228162724,140.618422825753,341.701392092701,182.091185747268,88.2047133706459,145.456902134381,96.2705209035338,43.4267315684676,240.459999276151,419.332799039563,27.8911423403187,27.4268016472273,319.771497706772,306.762788729304,27.8911423403187,166.253640920311,27.8008950931847,137.302364357369,415.431042318655,134.159956274456,93.043789852691,417.929376488003,305.183588478579,139.224647934247,415.431042318655,41.5716815876723,140.618422825753,492.435119918252,533.782410304153,287.548602629668,302.047374155152,415.431042318655,139.957862983433,295.574859912692,21.7170772431809,297.27866010209,14.0137140576884,343.118408537606,155.423195205006,347.606264961869,299.093525129314,524.943053513939,145.730760017479,136.514954525234,145.730760017479,136.749907112874,22.69035722326,33.7755156984271,304.262582929107,379.136644028088,287.548602629668,147.18489529963,31.2492234994135,312.644127656184,39.8143381679189,370.472492751746,17.2292766953542,41.3036828710764,536.068607464061,145.730760017479,23.4237626833814,308.511210067379,148.03252716116,347.606264961869
470.632132685968,291.560435228042,332.326593518196,273.8591587557,291.319029686502,192.921099047779,306.624236433577,301.704100431743,0,291.319029686502,95.6540503582698,171.209083643307,140.730603621044,130.602515119813,471.719651083992,382.445693394223,237.096442545389,214.650989937977,470.34556355037,243.159728311712,224.403564017144,288.132649236804,465.542746276999,297.27866010209,281.408287955186,272.50403909498,272.697588912604,237.612695285324,325.893332998727,283.223317653284,363.630500810996,251.095666100035,332.351562977244,232.142788594906,297.27866010209,0,150.038072184063,324.3748989374,109.112741634672,131.232442057896,276.146365479086,266.987228046431,306.624236433577,254.213720509688,205.145504324431,328.744462691894,291.203795619147,291.203795619147,255.598948357673,324.3748989374,252.035772465947,242.566917352851,306.624236433577,245.254537333583,270.585564385308,349.27079996032,302.598092985711,291.319029686502,245.886248642692,301.704100431743,472.28322640011,296.032926143154,474.14175507075,93.4965260910074,152.592592779602,131.636726793537,116.496882464482,135.959518428913,152.592592779602,325.893332998727,194.218960737267,383.761194130068,228.836842347538,154.577762092557,266.771894464339,327.243832952718,113.586612488497,297.841010214085,280.538790847078,332.326593518196,176.672742260297,299.313836858261,95.65405035827,273.758446489312,253.438910438279,268.523159580949,241.853551941174,289.922704539766,274.312263219196,331.194297001314,477.379780011595,180.08015329845,320.990399291265,297.386880261818,266.909274535064,280.736304272811,167.781627985312,328.545834438367,324.3748989374,268.449236787979,259.447407662158,266.909274535064,288.132649236804,131.636726793537,280.538790847078,181.492985199649,267.296687897043,138.917685924632,113.586612488497,274.255311552074,312.401975782587,271.945831389722,180.384954294999,258.089545056127,297.386880261818,266.987228046431,298.941698810632,0,194.38976122414,167.781627985312,170.165250584719,325.893332998727,471.189030554068,136.635570745331,325.341372884886,271.945831389722,267.366965840014,234.929508492776,305.621744123164,274.30051875476,253.105456670864,270.156947306242,278.367945779468,206.628944581147,327.243832952718,295.823655678674,291.203795619147,228.836842347538,150.038072184063,295.823655678674,266.987228046431,312.401975782587,266.771894464339,324.3748989374,268.449236787979,265.242752025069,327.065063029929,136.635570745331,267.296687897043,324.3748989374,297.841010214085,267.366965840014,399.871503242792,468.579286185875,138.917685924632,142.214865913134,324.3748989374,268.032106976182,84.6132267970596,308.021741941478,0,298.941698810632,243.627206062634,246.03255024686,243.390758060248,138.9393455201,463.233999617986,268.523159580949,270.25180180907,268.523159580949,269.51208303375,289.055972430046,283.223317653284,136.664237539984,297.016564739259,138.917685924632,268.669190597403,285.743225044369,202.733256222753,280.736304272811,275.963521341191,304.626569287643,325.893332998727,473.693775619164,268.523159580949,288.132649236804,157.555120379305,248.363264475152,243.390758060248
471.855889786733,301.044241223878,329.436988959423,283.343863138044,300.803081088506,200.913330650569,316.108437679219,311.188253607917,150.038072184063,300.803081088506,141.725384801522,170.071958518165,168.245314534581,113.890916307081,472.826250456969,379.51742660696,240.250880605425,209.264113700543,471.488415189815,252.814503122592,231.141772284282,297.616734527066,467.083630618314,306.762788729304,290.534730254581,281.984031337863,282.096269867599,231.974705622932,335.377542501829,292.707620573713,360.872736176855,260.636585499096,330.211653598685,226.059323113648,306.762788729304,150.038072184063,0,322.421482206533,153.01031861261,146.815468823239,285.630584258344,276.259454473187,316.108437679219,263.567201032889,215.61114620714,325.858474857999,300.68817161236,300.68817161236,250.507225233349,322.421482206533,261.407093659929,236.654968705766,316.108437679219,254.774099219067,279.076879143174,346.468126862956,309.376766747046,300.803081088506,255.428728545563,311.188253607917,473.409096724684,298.442263841345,475.292734040377,143.472541106208,87.694564953619,147.284134734786,130.348716770819,167.87551344238,87.694564953619,335.377542501829,194.598396368022,387.354767234855,235.24593261311,173.117706158465,276.162177110965,324.370163370086,162.635720118815,307.325759972066,289.93607517181,329.436988959423,168.849488450704,308.79807255814,141.725384801522,283.244446238071,263.042224975339,277.892877438333,236.452086126541,299.448864370286,283.538334592826,327.849244715062,478.475733093415,179.838445365541,321.988053871674,306.871058241508,276.282960441542,290.220917418722,173.668235628753,326.365903387596,322.421482206533,277.850935083949,268.905407106147,276.282960441542,297.616734527066,147.284134734786,289.93607517181,194.914711278115,276.68247249583,171.130487185141,162.635720118815,283.765714773175,321.886182545257,281.443427753036,187.775722098045,267.660675365715,306.871058241508,276.259454473187,308.425790893868,150.038072184063,196.077032904818,173.668235628753,185.899131502168,335.377542501829,472.087958926692,118.574697818606,322.470805479961,281.443427753036,276.748959375483,228.8133950373,314.992601237003,283.799084509261,262.461920971757,279.660389977465,287.85245164101,217.326004541678,324.370163370086,305.308023414451,300.68817161236,235.24593261311,0,305.308023414451,276.259454473187,321.886182545257,276.162177110965,322.421482206533,277.850935083949,274.715356529631,325.048223621398,118.574697818606,276.68247249583,322.421482206533,307.325759972066,276.748959375483,396.918717758116,469.747045796054,171.130487185141,130.579169092877,322.421482206533,277.417398413845,150.931034018985,317.505885886264,150.038072184063,308.425790893868,245.546730355106,255.58049321993,237.975444163931,143.724591427495,464.868033280069,277.892877438333,279.651806514822,277.892877438333,278.909744112966,298.539964712074,292.707620573713,138.169186674736,298.682697156135,171.130487185141,278.034512241148,295.227580804118,200.951898237488,290.220917418722,275.680121200661,314.110698966446,335.377542501829,475.280680814488,277.892877438333,297.616734527066,87.648865051811,257.88316957795,237.975444163931
509.660381676598,409.708589208353,370.957783292531,392.01846152083,409.470376512072,327.168474277339,424.777595468058,419.856816484947,324.3748989374,409.470376512072,324.482646750987,319.973882678018,323.197092300917,323.577812418272,509.031854371162,421.379190848013,336.460790983346,312.572771520965,509.325047449703,361.721053500032,335.917533849647,406.284412623345,506.933022445454,415.431042318655,395.385265106501,390.601318108406,389.787727126742,311.189219970991,444.046809210552,401.377816715743,398.196623998565,369.914956032339,258.275392478811,299.402246818264,415.431042318655,324.3748989374,322.421482206533,0,323.584991487284,323.207123340553,394.299561320003,382.592087489889,424.777595468057,370.731001276089,342.070721143247,367.342625299662,409.359347004788,409.359347004788,299.507090832927,0,368.749150005359,298.736011863026,424.777595468057,363.572468107489,376.625923660186,383.506876431315,392.286683069994,409.470376512072,364.504910391043,419.856816484947,511.336521131373,351.833521309948,513.45721699534,323.40780526266,321.704051566844,324.036239676177,324.217260497781,324.076233198388,321.704051566844,444.046809210552,324.649211549765,439.83571192633,337.47166292679,323.627695141936,383.759782200749,365.777623414824,324.692806897499,416.001424174445,397.612149462543,370.957783292531,320.198967595656,417.467617608005,324.482646750987,391.934403930561,372.687740811303,385.265039497347,295.785396803331,408.625222960902,389.39509977605,371.345783655657,516.800166089279,313.571590486022,335.466221493038,415.539906031029,383.6972659841,398.894744606168,317.790867367214,239.205394728577,0,385.575620707504,377.264190082013,383.6972659841,406.284412623345,324.036239676177,397.612149462543,330.381743983638,384.230843170189,324.811632220489,324.692806897499,392.74771002475,430.555413219871,390.269684994882,323.147572289507,377.340168042375,415.539906031029,382.592087489889,417.093605955201,324.3748989374,328.162554260166,317.790867367214,326.345365660205,444.046809210552,506.284403903066,323.540897756247,363.838444750394,390.269684994882,384.255590874756,299.759747233876,422.37812649857,392.638726691475,369.652928984108,388.556077674288,396.524930432193,340.752911463719,365.777623414824,413.979128448919,409.359347004788,337.47166292679,322.421482206533,413.979128448919,382.592087489889,430.555413219871,383.759782200749,0,385.575620707504,383.243073314766,197.633951952705,323.540897756247,384.230843170189,0,416.001424174445,384.255590874756,438.99298056605,507.42624895718,324.811632220489,323.852869906866,0,384.960661035897,323.909988165339,426.174346662679,324.3748989374,417.093605955201,336.306013858462,364.736535233483,295.94805769206,324.146165515801,505.283364835049,385.265039497347,387.357846056218,385.265039497347,386.589749667043,407.206536770708,401.377816715743,323.317350177129,342.326770006948,324.811632220489,385.358771064388,403.898448530278,325.324702977169,398.894744606168,328.96213852089,422.778980754821,444.046809210552,514.721216312592,385.265039497347,406.284412623345,322.134396526453,366.795260566987,295.94805769206
469.222662688856,288.30840253699,330.538528578614,270.606330902379,288.066758651465,196.331414680228,303.371810988278,298.45172412591,109.112741634672,288.066758651465,128.093091038519,177.526994586356,125.714258503583,139.910524541333,470.327649046436,380.650508885402,238.504147854401,211.13203544745,468.926139147404,240.057614290053,225.52740224486,284.880348767211,464.129436129759,294.026309690793,278.423766790493,269.255904593942,269.520630205282,235.213546363504,322.640898162521,279.970819378604,361.927327745832,247.798609244995,331.389102987645,230.229718778616,294.026309690793,109.112741634672,153.01031861261,323.584991487284,0,110.530977557107,272.893979128163,263.907047982906,303.371810988277,251.078859955946,199.899905875899,326.957220635797,287.951211885893,287.951211885893,255.12597004231,323.584991487284,248.889558822462,241.138829663701,303.371810988277,242.015369207756,268.589286718479,347.570850695815,300.718284003143,288.066758651465,242.623370552076,298.45172412591,470.860114866934,295.896537218466,472.716765759927,91.9200974591118,157.175044394211,148.536386384946,133.418491335804,122.555582268316,157.175044394211,322.640898162521,188.006242264202,382.441801361739,229.842271479827,141.613250946247,263.601999426935,325.457883567434,111.637352975661,294.588063323961,277.362968275053,330.538528578614,181.944260314594,296.06138171064,128.093091038519,270.504387559044,250.140674792406,265.369807391868,240.153282177766,286.62890704364,271.263686225167,329.376844533647,475.94547839917,173.585489087515,320.334846723522,294.134481729168,263.752968540343,277.483517991491,158.668454425334,327.619685266904,323.584991487284,265.269824475494,256.219830671003,263.752968540343,284.880348767211,148.536386384946,277.362968275053,174.962952886044,264.130398273788,132.43303680357,111.637352975661,270.977630249688,309.149544046122,268.680915558209,185.26995213279,254.756761047899,294.134481729168,263.907047982906,295.68938381709,109.112741634672,187.844254123671,158.668454425334,162.489151731692,322.640898162521,469.809841528896,147.563379868351,323.556428414452,268.680915558209,264.203757025641,233.15914546521,302.467320346882,271.034407566068,249.969168868933,266.886444155116,275.11527244274,201.948360572081,325.457883567434,292.571075914769,287.951211885893,229.842271479827,153.010318612609,292.571075914769,263.907047982906,309.149544046122,263.601999426935,323.584991487284,265.269824475494,262.00194607557,326.198747768054,147.563379868351,264.130398273788,323.584991487284,294.588063323961,264.203757025641,398.071937951776,467.165789138547,132.43303680357,135.691950301598,323.584991487284,264.866162210234,83.194558617994,304.769373319977,109.112741634672,295.68938381709,244.924134448214,242.761771078982,241.757692116619,125.365272188395,461.820294592,265.369807391868,267.073765915552,265.369807391868,266.335991220363,285.803760732832,279.970819378604,150.669867078435,296.843370830679,132.43303680357,265.519323803815,282.490670134607,197.265412675617,277.483517991491,276.299557694872,301.374215609519,322.640898162521,472.295859027765,265.369807391868,284.880348767211,159.104406220668,245.105428606593,241.757692116619
469.515550361875,290.514128693903,329.105906002487,272.811923441952,290.272434815429,200.759753517041,305.577450944161,300.657375449443,131.232442057896,290.272434815429,138.372417075105,180.598059663731,138.578417345843,138.894259775226,470.589767245884,379.199008787327,240.88519827095,207.330910290494,469.184046728346,242.421969469798,228.856102230419,287.086020249827,464.532773329427,296.231967327874,280.653039060705,271.462529771283,271.738913147403,232.364157524274,324.846535557445,282.176455208098,360.607104049467,249.999359303911,330.82952953305,227.681305142148,296.231967327874,131.232442057896,146.815468823239,323.207123340553,110.530977557107,0,275.09965134066,266.134900640701,305.577450944161,253.305143538097,201.257377456902,325.526489666696,290.156823568753,290.156823568753,254.031860820683,323.207123340553,251.115909235891,239.055944771982,305.577450944161,244.243500820958,271.128587508208,346.23787672479,302.714539940446,290.272434815429,244.846069139232,300.657375449443,471.109680063057,297.31916979881,472.974103834709,111.531368302417,153.400167191157,155.366103928173,137.656461670706,139.583446956081,153.400167191157,324.846535557445,183.78913994162,383.624450718279,233.025042129565,144.864798345151,265.821307304737,324.032386117145,138.092275731181,296.793598795708,279.58139794394,329.105906002487,183.442136861067,298.267017054522,138.372417075105,272.709733655999,252.366100910854,267.591161573371,237.989322966477,288.825623000264,273.492776648804,327.766034967582,476.177423161452,168.648754335658,321.009977011867,296.340129189043,265.974073782928,279.689099151321,153.84740057268,327.073051068397,323.207123340553,267.487791011063,258.430422896738,265.974073782928,287.086020249827,155.366103928173,279.58139794394,177.320071371663,266.350145763929,148.034336306692,138.092275731181,273.178064972529,311.35518228028,270.884161345093,189.901751323326,256.947394045277,296.340129189043,266.134900640701,297.895048853801,131.232442057896,183.885581397287,153.84740057268,165.859246892048,324.846535557445,470.006290845554,148.367462815608,322.132793006751,270.884161345093,266.42390088375,230.725868478627,304.688466347203,273.237294306582,252.195750685646,269.088559825736,277.320881020818,203.785699176477,324.032386117145,294.776686683031,290.156823568753,233.025042129565,146.815468823239,294.776686683031,266.134900640701,311.35518228028,265.821307304737,323.207123340553,267.487791011063,264.210169753826,325.74711350867,148.367462815608,266.350145763929,323.207123340553,296.793598795708,266.42390088375,396.608573858294,467.436251845868,148.034336306692,112.769246123489,323.207123340553,267.085926946229,120.224958185225,306.975025709228,131.232442057896,297.895048853801,246.901319655763,244.981777748146,239.64668185006,83.3848796977689,462.256526420014,267.591161573371,269.291909578584,267.591161573371,268.554404256862,288.009450164125,282.176455208098,154.887381882273,298.009412283233,148.034336306692,267.741084173227,284.696291808155,192.891407576437,279.689099151321,277.143512705271,303.579871600644,324.846535557445,472.724969543501,267.591161573371,287.086020249827,152.250955745778,247.322141210135,239.64668185006
514.359058506294,41.5766635510551,403.376827869449,25.6173727782205,41.120210634212,286.404072015754,56.5956846870211,51.6382750519482,276.146365479086,41.120210634212,279.538221767387,286.77767329287,264.557011544713,282.703350432358,516.636216375778,453.73008754828,314.764883552316,304.019538150857,514.495981047173,189.507432426062,295.670444379718,37.7587883384327,506.823986676954,47.1735578639195,177.182729556427,57.8655713786467,118.410659334583,323.231530091678,75.8896911596143,31.6996486969048,433.796595524405,109.386474442876,402.105263705503,317.911992244011,47.1735578639195,276.146365479086,285.630584258344,394.299561320003,272.893979128163,275.09965134066,0,145.155257998499,56.5956846870212,124.752264141406,232.506826825459,399.771978028798,40.902746024625,40.902746024625,339.133747887462,394.299561320003,123.067290225506,327.276827671451,56.5956846870212,135.846052124197,267.732095065804,419.711442644901,295.417143844387,41.120210634212,135.454740080166,51.6382750519484,516.493318432794,355.098972085871,518.127016068776,275.893095912814,286.332789615955,281.758795299462,281.303486093481,266.50390726755,286.332789615955,75.8896911596145,280.883720431975,413.108607725702,298.639643621566,262.018702042112,116.270279851414,398.201327169347,271.314796108346,47.873433949648,126.71335093747,403.376827869449,291.350226684602,49.1995249470626,279.538221767387,33.1990842814618,154.524645172056,124.678707320632,324.945880671736,112.016464427714,159.095692521847,404.811713799219,521.604961037141,270.551399274492,377.910402908254,47.269621450443,122.374286174381,27.80639379419,261.511466033321,398.710799066279,394.299561320003,113.159287301745,74.4961339902488,122.374286174381,37.7587883384328,281.758795299462,126.71335093747,248.506334468941,118.191570751312,266.416206634619,271.314796108346,82.6955037174993,62.3906780314932,68.8714924263592,284.077064985798,115.531753038245,47.269621450443,145.155257998499,48.8551731337383,276.146365479086,279.149041549462,261.511466033321,253.148561069527,75.8896911596145,517.860965806327,284.051373618675,396.277693053263,68.8714924263592,119.580005854975,320.569572968289,161.045555879483,66.8385853322854,124.343531775003,74.895705712422,21.5336360008492,219.326599427382,398.201327169347,45.6419384384414,40.902746024625,298.639643621566,285.630584258344,45.6419384384414,145.155257998499,62.3906780314932,116.270279851414,394.299561320003,113.159287301745,71.7054320944128,396.797904157133,284.051373618675,118.191570751312,394.299561320003,47.873433949648,119.580005854975,471.303635118538,512.651708716467,266.416206634619,280.915105436173,394.299561320003,118.928317919762,274.442547088645,57.9883400151904,276.146365479086,48.8551731337383,321.986609363434,134.270801554041,326.474503060223,277.961224904297,503.812457121258,124.678707320632,115.520911816568,124.678707320632,115.748008856732,38.811958467013,31.6996486969049,283.13037290516,358.005229002814,266.416206634619,126.12897384961,34.8849529561487,291.511918206146,27.80639379419,349.340857934038,54.5740170790105,75.8896911596145,514.937982918217,124.678707320632,37.7587883384328,287.379019538327,126.874291983359,326.474503060223
500.340857927084,160.464459194601,391.863016579185,142.983318904655,160.277871245166,276.222302360273,175.614528527693,170.684074089419,266.987228046431,160.277871245166,270.270231411792,276.925909557395,255.832803210867,273.386290472889,502.741159682091,442.2375582199,303.795480062459,294.320953675316,500.5087777684,178.70612669663,284.722237290133,157.099965023605,492.577038870348,166.253640920311,120.246240952017,140.650037985372,118.42864263973,312.946846307863,194.885191190529,152.242241564912,422.17573931159,134.082566892551,390.387240147852,307.494826097475,166.253640920311,266.987228046431,276.259454473187,382.592087489889,263.907047982906,266.134900640701,145.155257998499,0,175.614528527693,98.8246571860295,227.166551479589,388.25598635163,160.235481546623,160.235481546623,328.311829903039,382.592087489889,104.604796388588,316.680686760004,175.614528527693,135.307069164278,252.752872928502,408.112383384237,276.717861892057,160.277871245166,137.708316535927,170.684074089419,502.508514449884,342.885244573102,504.119551223623,266.793289359141,276.886724312792,272.322042469784,272.011699921895,257.689343287656,276.886724312792,194.885191190529,272.35534105667,397.991499504277,287.591475115824,253.552053664766,109.992614229638,386.679650769506,262.291825927999,166.955537970665,125.781536008651,391.863016579185,281.478649431145,168.312687345187,270.270231411792,143.17340251748,155.575149832518,104.145441599821,314.303995051624,167.761565117827,78.0673335495761,393.501287349139,507.611272362956,261.933892680113,365.318679682513,166.372910050766,104.616528483599,149.826853187066,253.215337736795,387.022383710365,382.592087489889,115.235129192752,122.544193746204,104.616528483599,157.099965023605,272.322042469784,125.781536008651,240.917153057782,108.838408400258,257.534815050182,262.291825927999,148.934268270531,181.393307462998,143.974905852909,274.084422412453,145.20516108624,166.372910050766,0,167.908419211523,266.987228046431,270.816757144132,253.215337736795,245.088937019996,194.885191190529,504.135544445523,274.654189735322,384.75376052988,143.974905852909,107.577709660223,310.108625766706,141.269922093898,146.47898260906,100.063578053765,143.448153801132,147.437328025754,214.546360527692,386.679650769506,164.852697469038,160.235481546623,287.591475115824,276.259454473187,164.852697469038,0,181.393307462998,109.992614229638,382.592087489889,115.235129192752,131.891493705399,385.076830073632,274.654189735322,108.838408400258,382.592087489889,166.955537970665,107.577709660223,459.824429145401,498.662199841514,257.534815050182,271.804818733925,382.592087489889,109.27975204304,265.369536967797,176.999211506005,266.987228046431,167.908419211523,310.979022709542,137.84011129341,315.816635576073,268.963008495859,489.500775540926,104.145441599821,116.444942059784,104.145441599821,114.948373475789,158.002171651286,152.242241564912,273.674279587667,345.850416861081,257.534815050182,102.52166962809,154.772487756049,282.63271243539,149.826853187066,337.930554810599,173.601118157074,194.885191190529,500.702128036724,104.145441599821,157.099965023605,277.979584013801,133.432263370215,315.816635576073
544.837150048757,38.3720974450678,433.854750460157,63.3399005506158,30.1352210369786,316.882170037438,0,17.3861031200721,306.624236433577,30.1352210369786,310.016102490068,317.255649838351,295.034825172837,313.181215947991,547.114307660168,484.208008347661,345.243034581317,334.497284199241,544.974067941945,219.989945975044,326.148673156281,33.3801011100854,537.302087551895,21.9120591410844,207.652330222107,89.1846835952845,148.77192726895,353.709357940421,31.0893504371167,43.1260138492861,464.274536573208,139.916845231591,432.583283300146,348.389853192578,21.9120591410844,306.624236433577,316.108437679219,424.777595468057,303.371810988277,305.577450944161,56.5956846870212,175.614528527693,0,155.22336229836,262.983775988867,430.249900834588,35.7013957044001,35.7013957044001,369.611711778191,424.777595468058,153.547010418727,357.75472452833,0,166.342709357557,298.211125753831,450.189383185578,325.895449449398,30.1352210369785,165.952890422522,17.3861031200722,546.971403982696,385.5771774025,548.605101936893,306.370939963736,316.810658237513,312.23671030848,311.781358788619,296.981743646197,316.810658237513,31.0893504371167,311.361263068935,443.586818815991,329.117878887903,292.496446206614,146.673210378528,428.679250263922,301.792666036195,49.7833040788345,157.065775592705,433.854750460157,321.828184125734,24.7407771423653,310.016102490068,67.5678570214935,185.017885517689,155.098830399332,355.423767007236,142.484181597735,189.560007867283,435.289627786984,552.083042979905,301.028987179514,408.388550885588,21.8068754239806,152.797640697443,49.1156815926828,291.989063595105,429.188819322501,424.777595468058,143.533186437616,104.984677346785,152.797640697443,33.3801011100853,312.23671030848,157.065775592705,278.983987201741,148.594919681124,296.894076128966,301.792666036195,113.192819919738,16.6608664785205,99.7419568693693,314.555110932259,146.042095682645,21.8068754239806,175.614528527693,24.4403765519466,306.624236433577,309.626546901371,291.989063595105,283.626288016378,31.0893504371167,548.339052725341,314.529255547382,426.755616427302,99.7419568693693,149.988118091315,351.047443674293,191.459650007515,97.4929230262659,154.817231056076,105.578156159185,52.805766429028,249.803704478568,428.679250263922,34.9384676274251,35.7013957044001,329.117878887903,316.108437679219,34.9384676274251,175.614528527693,16.6608664785205,146.673210378528,424.777595468058,143.533186437616,102.432252528846,427.27593267915,314.529255547382,148.594919681124,424.777595468058,49.7833040788345,149.988118091315,501.781554824305,543.129797663407,296.894076128966,311.392913973749,424.777595468058,149.328174726847,304.920398809516,21.3192452500315,306.624236433577,24.4403765519466,352.464740873879,164.769952517375,356.952394097346,308.439019645373,534.290560995199,155.098830399332,145.887881524371,155.098830399332,146.122364861114,33.1429306196549,43.1260138492862,313.608278862191,388.483406005662,296.894076128966,156.552459241369,40.4386901872677,321.989525425907,49.1156815926828,379.818961736037,22.1212978369641,31.0893504371167,545.416088753481,155.098830399332,33.3801011100853,317.856867874711,157.380176779068,356.952394097346
489.350897545767,140.07563012561,379.955953965075,122.571307992118,139.886603464586,263.773155485374,155.22336229836,150.293124489774,254.213720509688,139.886603464586,257.534429366055,264.383528513995,242.9130330579,260.671660679111,491.703455288696,430.322811859568,291.625459351282,281.770865343649,489.508516539148,165.141730808649,272.523923560782,136.707596283889,481.672469155439,145.862535890697,133.838345623577,120.21695309717,103.630944093557,300.598177182503,174.494147529464,131.845468417745,410.305685786164,113.473494040721,378.534060910504,295.18878025646,145.862535890697,254.213720509688,263.567201032889,370.731001276089,251.078859955946,253.305143538097,124.752264141406,98.8246571860295,155.22336229836,0,213.205883335504,376.349706882771,139.840805769161,139.840805769161,316.133901693006,370.731001276089,65.7461235511811,304.433741760263,155.22336229836,116.255126802854,241.782660504049,396.234180856152,267.441983314737,139.886603464586,118.569726965352,150.293124489775,491.507834262282,331.168148704741,493.12757487218,254.003719308733,264.218766970315,259.640696128627,259.286299464314,244.79771295505,264.218766970315,174.494147529465,259.412974611348,387.382840286416,275.428599714679,240.552884697309,95.9731357523506,374.775449093651,249.468950848822,146.557847700376,111.264678845997,379.955953965075,268.947932085403,147.920486373071,257.534429366055,122.75010374019,137.608925992328,95.2048376200796,302.076583478667,147.347563783612,113.254848857394,381.519529587258,496.615466446184,249.016908492446,353.761895054339,145.981257660414,93.3189739746029,129.425635382844,240.181322284774,375.157771919722,370.731001276089,99.8319180800493,102.341638169254,93.3189739746029,136.70759628389,259.640696128627,111.264678845997,227.622779651523,95.961896314398,244.660681766659,249.468950848822,128.445508217719,161.002229884288,123.454467193478,261.577923864559,125.092528202817,145.981257660414,98.82465718603,147.517796307467,254.213720509688,257.809811259601,240.181322284774,231.947532205355,174.494147529465,493.033581261867,261.965447890949,372.850362112545,123.454467193478,95.481616003197,297.816846491091,132.91915989619,125.989309496946,43.4101480316674,122.917158395877,127.034826968445,200.384600851712,374.775449093651,144.458672534716,139.840805769161,275.428599714679,263.567201032889,144.458672534716,98.82465718603,161.002229884288,95.9731357523506,370.731001276089,99.8319180800493,111.380024580256,373.222420649925,261.965447890949,95.961896314398,370.731001276089,146.557847700376,95.481616003197,447.904868977831,487.662057789087,244.660681766659,259.026330956279,370.731001276089,96.7716650578833,252.568620832638,156.60877924025,254.213720509688,147.517796307467,298.828360115379,118.578356096279,303.594173327515,256.146411254365,478.620216571191,95.2048376200796,101.382642721273,95.2048376200796,100.227552097588,137.610988771754,131.845468417745,261.001984992986,334.119199579802,244.660681766659,94.9882892270487,134.376406230065,269.806875283417,129.425635382844,325.938377739497,153.210608395222,174.494147529465,489.791365586025,95.2048376200796,136.70759628389,265.298793100011,113.046892125106,303.594173327515
476.522702916198,247.928818010151,348.288368445431,230.209707028076,247.682049074144,226.705665410693,262.983775988867,258.064746757456,205.145504324431,247.682049074144,209.446939274815,222.402240868053,189.409726600175,212.590262250619,478.089855907178,398.487379394263,260.671607986927,234.449508557895,476.39888179807,203.664688068801,243.195647865286,244.495008659109,470.464850047971,253.63989039096,243.662825438711,228.960464938996,230.744147353645,258.822115132769,282.252660546572,239.581233837507,379.532064801233,206.465074052889,349.672441854343,254.840398225148,253.63989039096,205.145504324431,215.61114620714,342.070721143247,199.899905875899,201.257377456902,232.506826825459,227.166551479589,262.983775988867,213.205883335504,0,344.699318888496,247.559779030972,247.559779030972,280.344147775893,342.070721143247,210.783815443596,265.920105927204,262.983775988866,202.023982601358,252.504841093005,365.302068838009,287.95446812734,247.682049074144,202.117498660922,258.064746757455,478.358475569487,309.155461783853,480.127736664542,203.907776449861,217.11436322691,213.491566744982,211.184990066795,192.489802037607,217.11436322691,282.252660546572,200.002558867241,383.737156593241,246.8554567268,183.47940809846,224.975644802289,343.169784355612,199.428717719031,254.188819129596,238.610546045963,348.288368445431,226.674058048388,255.672710198903,209.446939274815,230.08129530274,208.938929774973,227.09334994379,263.715586982202,245.348565324692,235.17994038839,348.270141578945,483.456889272124,190.726439139951,332.964560528148,253.747027773425,225.414585555558,237.08774564492,178.928781479467,346.115486869387,342.070721143247,226.441382696095,216.365833387083,225.414585555558,244.495008659109,213.491566744982,238.610546045963,160.98650116872,225.580271463438,193.631687679685,199.428717719031,230.045676602665,268.761373291873,228.0244297918,222.100587901603,212.635086818104,253.747027773425,227.166551479589,255.303725813115,205.145504324431,196.208505597655,178.928781479467,171.238504612524,282.252660546572,478.264130902657,214.804321499178,341.262463310868,228.0244297918,225.718865344211,257.931087103351,264.167849973961,230.351953348655,212.068297492016,226.1096032128,234.721937331813,124.096262870338,343.169784355612,252.179726427434,247.559779030972,246.8554567268,215.61114620714,252.179726427434,227.166551479589,268.761373291873,224.975644802289,342.070721143247,226.441382696095,221.864597202869,344.545272359205,214.804321499178,225.580271463438,342.070721143247,254.188819129596,225.718865344211,415.964345062338,474.604498229982,193.631687679685,208.244293534166,342.070721143247,226.323208617768,202.454891026514,264.382559984645,205.145504324431,255.303725813115,267.684211471154,202.078659216647,265.418466906692,204.246375938765,467.877665788298,227.09334994379,228.274470158437,227.09334994379,227.577953561913,245.420328609416,239.581233837507,214.780337023849,311.150654966774,193.631687679685,227.31646710666,242.09986264149,214.155520915396,237.08774564492,296.751434303081,260.987724285879,282.252660546572,478.60464700224,227.09334994379,244.495008659109,217.439661754933,204.665097665906,265.418466906692
476.910674333606,415.18142347157,25.7060041608089,397.490326305006,414.9428955873,339.200963166116,430.249900834588,425.329189479724,328.744462691894,414.9428955873,329.136843837539,329.025140414936,326.477458011184,327.668774651033,477.551559766186,102.231771804984,356.562466486587,291.936473134966,473.631515437012,367.681389144981,351.906969426583,411.756896487349,478.402291721182,420.903451753343,401.121028151166,396.079505190137,395.3519231462,280.457028395273,449.519100684383,406.850053521893,252.937881681456,375.338535489046,363.523767409758,279.839117458713,420.903451753343,328.744462691894,325.858474857999,367.342625299662,326.957220635797,325.526489666696,399.771978028798,388.25598635163,430.249900834588,376.349706882771,344.699318888496,0,414.831455340876,414.831455340876,325.952002518703,367.342625299662,374.359236069076,292.74715093713,430.249900834588,369.10739509542,385.393002116075,247.670316879427,398.839015293526,414.942895587301,370.006228629806,425.329189479724,474.732688974071,384.911082168071,476.92430527342,326.995297896504,325.756556438495,329.867694738347,328.599953278699,327.767291528621,325.756556438495,449.519100684383,317.002334118897,443.95624168785,354.116653467984,325.833740621608,389.332185100575,40.369615422327,329.050220670477,421.473052222182,403.177616236545,25.7060041608089,328.917331114328,422.939887728729,329.136843837539,397.404670067029,378.160918088,390.855697926013,276.337422626176,414.042295284445,395.085577147242,232.770452866754,477.754520223193,307.126631362838,382.204996835668,421.012251620138,389.284993696313,404.366614832573,316.25000426599,362.658756692673,367.342625299662,391.137073515876,382.768719357762,389.284993696313,411.756896487349,329.867694738347,403.177616236545,333.148233148963,389.807207350226,329.15792570011,329.050220670477,398.186873528759,436.027709264329,395.726033837972,333.866690143266,382.710870133337,421.012251620138,388.25598635163,422.566062155433,328.744462691895,321.932329141076,316.25000426599,329.172096932247,449.519100684383,474.301511083005,328.231378223239,43.5845257561939,395.726033837972,389.835396972669,283.738891730517,427.967379005115,398.093231254023,375.271383687689,394.005147858301,401.996959214166,344.318757326435,40.369615422327,419.451237678905,414.831455340876,354.116653467984,325.858474857999,419.451237678905,388.25598635163,436.027709264329,389.332185100575,367.342625299662,391.137073515876,388.731098765302,365.030019877341,328.231378223239,389.807207350226,367.342625299662,421.473052222182,389.835396972669,135.080236210259,473.14285334463,329.15792570011,325.988841053995,367.342625299662,390.537335193984,327.769110856395,431.646728462828,328.744462691895,422.566062155433,358.523205936996,370.224855685745,279.732661164545,326.137661835893,478.11900231473,390.855697926013,392.92083680017,390.855697926013,392.154964022857,412.67913635523,406.850053521893,328.904044277815,380.716286821574,329.15792570011,390.953205971784,409.3706047951,314.512281733826,404.366614832573,366.834865099729,428.251383480234,449.519100684383,489.169769229494,390.855697926013,411.756896487349,325.202743950554,372.288251675888,279.732661164545
529.420827685679,29.8974600138246,418.4363030955,47.6440734817967,23.8953007680202,301.462669269827,35.7013957044001,31.4057582472472,291.203795619147,23.8953007680202,294.595757183368,301.835829281502,279.613996325708,297.760907679093,531.697884421133,468.789542770056,329.824215074821,319.077264902624,529.557717876444,204.573017340256,310.729865258327,21.1772147463108,521.885957010596,27.4268016472273,192.261905505068,73.8120287145019,133.449207378217,338.289854976847,55.0718788111583,26.4020985357209,448.856182951518,124.463543986061,417.165038108907,332.970470920917,27.4268016472273,291.203795619147,300.68817161236,409.359347004788,287.951211885893,290.156823568753,40.902746024625,160.235481546623,35.7013957044001,139.840805769161,247.559779030972,414.831455340876,0,0,354.192701365523,409.359347004788,138.158803755856,342.335503231779,35.7013957044003,150.922358043509,282.796081161551,434.771011286762,310.483092510192,23.8953007680202,150.528932287728,31.4057582472473,531.555051266168,370.159416925481,533.188767898042,290.950440609524,301.390460302852,296.816518833716,296.361031247143,281.56099867689,301.390460302852,55.0718788111585,295.940198374422,428.171457096915,313.699157397597,277.07537705015,131.334217651417,413.26080960385,286.37210892598,28.4034294514449,141.744959704169,418.4363030955,306.408374035288,26.3540086961364,294.595757183368,51.7424508859482,169.592506775526,139.748281231658,340.004580664306,126.910380522427,174.175908214136,419.871007970553,536.666695635084,285.608008163666,392.97108001894,26.0545258381225,137.446472512331,32.3874677854048,276.567810035435,413.770549835543,409.359347004788,128.208111059505,89.6760053323337,137.446472512331,21.1772147463109,296.816518833716,141.744959704169,263.562134557704,133.254434535907,281.473398003135,286.37210892598,97.5515357001847,41.5475787022886,84.0803018000201,299.135432555444,130.570123340318,26.0545258381225,160.235481546623,30.0408114279188,291.203795619147,294.205305218404,276.567810035435,268.2048632216,55.0718788111585,532.922488490421,299.109020263046,411.337177711762,84.0803018000201,134.644895176739,335.628101045928,176.111760449987,81.752400095873,139.432718212395,89.9433107092286,36.7202768805638,234.379222269267,413.26080960385,17.7376909461871,0,313.699157397597,300.68817161236,17.7376909461871,160.235481546623,41.5475787022886,131.334217651417,409.359347004788,128.208111059505,87.073466783919,411.857693371158,299.109020263046,133.254434535907,409.359347004788,28.4034294514449,134.644895176739,486.36307784889,527.713450527142,281.473398003135,295.97241309964,409.359347004788,133.988780425217,289.49987891912,37.8875828296574,291.203795619147,30.0408114279188,337.045946028673,149.344479643925,341.533222583686,293.018419391173,518.874484940819,139.748281231658,130.564094475812,139.748281231658,130.795359950312,23.9179263132268,26.4020985357209,298.188100960836,373.065584988795,281.473398003135,141.199732260893,22.2132855212626,306.568775780458,32.3874677854048,364.400492697029,34.7716730979826,55.0718788111585,529.999951670568,139.748281231658,21.1772147463109,302.436624267614,141.954623677486,341.533222583686
529.420827685679,29.8974600138246,418.4363030955,47.6440734817967,23.8953007680202,301.462669269827,35.7013957044001,31.4057582472472,291.203795619147,23.8953007680202,294.595757183368,301.835829281502,279.613996325708,297.760907679093,531.697884421133,468.789542770056,329.824215074821,319.077264902624,529.557717876444,204.573017340256,310.729865258327,21.1772147463108,521.885957010596,27.4268016472273,192.261905505068,73.8120287145019,133.449207378217,338.289854976847,55.0718788111583,26.4020985357209,448.856182951518,124.463543986061,417.165038108907,332.970470920917,27.4268016472273,291.203795619147,300.68817161236,409.359347004788,287.951211885893,290.156823568753,40.902746024625,160.235481546623,35.7013957044001,139.840805769161,247.559779030972,414.831455340876,0,0,354.192701365523,409.359347004788,138.158803755856,342.335503231779,35.7013957044003,150.922358043509,282.796081161551,434.771011286762,310.483092510192,23.8953007680202,150.528932287728,31.4057582472473,531.555051266168,370.159416925481,533.188767898042,290.950440609524,301.390460302852,296.816518833716,296.361031247143,281.56099867689,301.390460302852,55.0718788111585,295.940198374422,428.171457096915,313.699157397597,277.07537705015,131.334217651417,413.26080960385,286.37210892598,28.4034294514449,141.744959704169,418.4363030955,306.408374035288,26.3540086961364,294.595757183368,51.7424508859482,169.592506775526,139.748281231658,340.004580664306,126.910380522427,174.175908214136,419.871007970553,536.666695635084,285.608008163666,392.97108001894,26.0545258381225,137.446472512331,32.3874677854048,276.567810035435,413.770549835543,409.359347004788,128.208111059505,89.6760053323337,137.446472512331,21.1772147463109,296.816518833716,141.744959704169,263.562134557704,133.254434535907,281.473398003135,286.37210892598,97.5515357001847,41.5475787022886,84.0803018000201,299.135432555444,130.570123340318,26.0545258381225,160.235481546623,30.0408114279188,291.203795619147,294.205305218404,276.567810035435,268.2048632216,55.0718788111585,532.922488490421,299.109020263046,411.337177711762,84.0803018000201,134.644895176739,335.628101045928,176.111760449987,81.752400095873,139.432718212395,89.9433107092286,36.7202768805638,234.379222269267,413.26080960385,17.7376909461871,0,313.699157397597,300.68817161236,17.7376909461871,160.235481546623,41.5475787022886,131.334217651417,409.359347004788,128.208111059505,87.073466783919,411.857693371158,299.109020263046,133.254434535907,409.359347004788,28.4034294514449,134.644895176739,486.36307784889,527.713450527142,281.473398003135,295.97241309964,409.359347004788,133.988780425217,289.49987891912,37.8875828296574,291.203795619147,30.0408114279188,337.045946028673,149.344479643925,341.533222583686,293.018419391173,518.874484940819,139.748281231658,130.564094475812,139.748281231658,130.795359950312,23.9179263132268,26.4020985357209,298.188100960836,373.065584988795,281.473398003135,141.199732260893,22.2132855212626,306.568775780458,32.3874677854048,364.400492697029,34.7716730979826,55.0718788111585,529.999951670568,139.748281231658,21.1772147463109,302.436624267614,141.954623677486,341.533222583686
482.340904845735,354.544523850845,329.533316185764,336.850524641535,354.305197143941,261.351757614707,369.611711778191,364.691157802941,255.598948357673,354.305197143941,254.982943586963,248.691012464966,256.27221084035,252.887676758026,482.588917631343,379.618100947451,274.371597466756,242.240180755779,481.745204935904,306.420993658055,276.267004628851,351.119088754964,478.98157750723,360.265500626505,341.671042962797,335.455032056518,334.99163014727,242.553706106279,388.880884278125,346.211541785475,359.620136315971,314.519013778099,310.07215992537,225.303187663383,360.265500626505,255.598948357673,250.507225233349,299.507090832927,255.12597004231,254.031860820683,339.133747887462,328.311829903039,369.611711778191,316.133901693006,280.344147775893,325.952002518703,354.192701365523,354.192701365523,0,299.507090832926,314.084058593729,215.798889047657,369.611711778191,308.353934077591,325.231820114367,344.908021665704,347.123246658073,354.305197143941,309.18238668129,364.691157802941,483.638141915173,312.697779689824,485.651869771049,254.284185988742,249.438481288983,254.1902421301,254.128199066493,257.066705563046,249.438481288983,388.880884278125,256.101484855621,408.079832905819,278.514728841359,256.968140178327,328.999209316626,324.47813962994,257.0532343322,360.833082140598,342.821880344322,329.533316185764,247.031539475367,362.301587729989,254.982943586963,336.760664336466,317.150036012519,330.589904638179,225.520300249509,353.267779004265,335.296238448959,326.884562331178,488.713200171255,244.57340325212,324.455898368314,360.374139728832,329.006122347318,343.727098085265,250.132964663458,304.685312832705,299.507090832926,330.766934996627,322.215573662609,329.006122347318,351.119088754964,254.1902421301,342.821880344322,266.470294856764,329.488930790778,258.159461072541,257.0532343322,337.463671727289,375.389501931859,335.044466253787,255.306081269187,321.793355237375,360.374139728832,328.311829903039,361.928230026593,255.598948357673,260.10159438622,250.132964663458,261.467118677545,388.880884278125,480.76889242273,252.588141805162,322.572105532129,335.044466253787,329.529492098665,223.491107467373,367.69795280527,337.408444510909,315.045360148297,333.304643279212,341.357793684063,280.189440760529,324.47813962994,358.812509174886,354.192701365523,278.514728841359,250.507225233349,358.812509174886,328.311829903039,375.389501931859,328.999209316626,299.507090832926,330.766934996627,328.130612066259,303.402800776833,252.588141805162,329.488930790778,299.507090832926,360.833082140598,329.529492098665,397.020225170287,480.038815340417,258.159461072541,253.473289604795,299.507090832926,330.220692211445,255.289159748986,371.008726549941,255.598948357673,361.928230026593,273.452858498895,309.384297148688,224.308874134517,254.518304975244,477.172481720179,330.589904638179,332.556224592938,330.589904638179,331.797986257141,352.041630860599,346.211541785474,252.799162020759,307.319488600061,258.159461072541,330.70179850586,348.731919600069,256.02624986701,343.727098085265,274.874456378921,367.613428339327,388.880884278125,487.212991347489,330.589904638179,351.119088754964,249.60448164213,311.535810993495,224.308874134517
509.660381676598,409.708589208353,370.957783292531,392.01846152083,409.470376512072,327.168474277339,424.777595468058,419.856816484947,324.3748989374,409.470376512072,324.482646750987,319.973882678018,323.197092300917,323.577812418272,509.031854371162,421.379190848013,336.460790983346,312.572771520965,509.325047449703,361.721053500032,335.917533849647,406.284412623345,506.933022445454,415.431042318655,395.385265106501,390.601318108406,389.787727126742,311.189219970991,444.046809210552,401.377816715743,398.196623998565,369.914956032339,258.275392478811,299.402246818264,415.431042318655,324.3748989374,322.421482206533,0,323.584991487284,323.207123340553,394.299561320003,382.592087489889,424.777595468058,370.731001276089,342.070721143247,367.342625299662,409.359347004788,409.359347004788,299.507090832926,0,368.749150005359,298.736011863026,424.777595468057,363.572468107489,376.625923660186,383.506876431315,392.286683069994,409.470376512072,364.504910391043,419.856816484947,511.336521131373,351.833521309948,513.45721699534,323.40780526266,321.704051566844,324.036239676177,324.217260497781,324.076233198388,321.704051566844,444.046809210552,324.649211549765,439.83571192633,337.47166292679,323.627695141936,383.759782200749,365.777623414824,324.692806897499,416.001424174445,397.612149462543,370.957783292531,320.198967595656,417.467617608005,324.482646750987,391.934403930561,372.687740811303,385.265039497347,295.785396803331,408.625222960902,389.39509977605,371.345783655657,516.800166089279,313.571590486022,335.466221493038,415.539906031029,383.6972659841,398.894744606168,317.790867367214,239.205394728577,0,385.575620707504,377.264190082013,383.6972659841,406.284412623345,324.036239676177,397.612149462543,330.381743983638,384.230843170189,324.811632220489,324.692806897499,392.74771002475,430.555413219871,390.269684994882,323.147572289507,377.340168042375,415.539906031029,382.592087489889,417.093605955201,324.3748989374,328.162554260166,317.790867367214,326.345365660205,444.046809210552,506.284403903066,323.540897756247,363.838444750394,390.269684994882,384.255590874756,299.759747233876,422.37812649857,392.638726691475,369.652928984108,388.556077674288,396.524930432193,340.752911463719,365.777623414824,413.979128448919,409.359347004788,337.47166292679,322.421482206533,413.979128448919,382.592087489889,430.555413219871,383.759782200749,0,385.575620707504,383.243073314766,197.633951952705,323.540897756247,384.230843170189,0,416.001424174445,384.255590874756,438.99298056605,507.42624895718,324.811632220489,323.852869906866,0,384.960661035897,323.909988165339,426.174346662679,324.3748989374,417.093605955201,336.306013858462,364.736535233483,295.94805769206,324.146165515801,505.283364835049,385.265039497347,387.357846056218,385.265039497347,386.589749667043,407.206536770708,401.377816715743,323.317350177129,342.326770006948,324.811632220489,385.358771064388,403.898448530278,325.324702977169,398.894744606168,328.96213852089,422.778980754821,444.046809210552,514.721216312592,385.265039497347,406.284412623345,322.134396526453,366.795260566987,295.94805769206
487.557452128759,138.408003495045,377.965315470629,120.87041359571,138.212866430405,261.662659912574,153.547010418727,148.617738980092,252.035772465947,138.212866430405,255.364532242094,262.254373150951,240.704125968054,258.506548689422,489.899676866487,428.330525707613,289.574973074021,279.642822363712,487.712863661031,162.695455856844,270.466241736187,135.032514941726,479.89746077391,144.187490491026,136.6202202816,118.58996202148,106.325794524039,298.51285571612,172.817743452685,130.163310957169,408.322899177505,110.119460933973,376.554094688939,293.112333287195,144.187490491026,252.035772465947,261.407093659929,368.749150005359,248.889558822462,251.115909235891,123.067290225506,104.604796388588,153.547010418727,65.7461235511811,210.783815443596,374.359236069076,138.158803755856,138.158803755856,314.084058593729,368.749150005359,0,302.369704327577,153.547010418727,112.13404272439,239.982694830736,394.249633664803,266.020362326928,138.212866430405,114.559337081338,148.617738980092,489.712096121329,329.215531201553,491.333717314863,251.822632598951,262.063737237334,257.482170857948,257.11876058963,242.594608891452,262.063737237334,172.817743452685,257.202334070255,385.671268086389,273.378545776904,238.327674173976,99.2999575525536,372.785425365049,247.280313583452,144.866908048612,114.061611617651,377.965315470629,266.821555570647,146.242801091935,255.364532242094,121.016205723362,134.023721171998,99.9915544428337,300.016901622739,144.910455416153,117.825173597729,379.512801253401,494.820793155739,246.811288669191,351.8448497721,144.304969495955,97.9956003067918,127.734466622932,237.950350589783,373.175315255955,368.749150005359,102.303866563651,101.342001769061,97.9956003067918,135.032514941726,257.482170857948,114.061611617651,225.334980877821,99.6132826395578,242.46094084562,247.280313583452,126.210497912996,159.325846886772,121.42111047674,259.455654969242,122.022642669231,144.304969495955,104.604796388589,145.843714989934,252.035772465947,255.58564576343,237.950350589783,229.691796703781,172.817743452685,491.215915884571,259.805741873801,370.860509919556,121.42111047674,99.4144239469439,295.743382969795,137.500793394405,123.968488540649,58.4368461855987,120.764660860872,125.344760098932,197.918315813576,372.785425365049,142.777316802184,138.158803755856,273.378545776904,261.407093659929,142.777316802184,104.604796388589,159.325846886772,99.2999575525536,368.749150005359,102.303866563651,109.843402314846,371.242084847581,259.805741873801,99.6132826395578,368.749150005359,144.866908048612,99.4144239469439,445.911550361151,485.866421705265,242.46094084562,256.848092677677,368.749150005359,100.440547333783,250.384977130616,154.933868519104,252.035772465947,145.843714989934,296.782340687068,114.586265855694,301.535512181252,253.960088296858,476.850392681171,99.9915544428337,103.9803222669,99.9915544428337,102.994275119663,135.938411327035,130.163310957169,258.845539960233,332.163862118202,242.46094084562,100.043580766246,132.693747517249,267.620702701419,127.734466622932,323.927186265285,151.535905917757,172.817743452685,488.014993482694,99.9915544428337,135.032514941726,263.141234736177,108.755362956547,301.535512181252
465.956557353372,342.688069713136,296.307018604753,324.993015411297,342.448420894773,255.004816379359,357.75472452833,352.83423762681,242.566917352851,342.448420894773,242.266813260923,240.66245912776,242.172188417133,239.673269355337,466.246518739522,346.167337516595,273.790280537919,207.009301356779,464.998167245553,294.809321433299,271.705294707826,339.262273617208,463.263374074037,348.40861597883,330.159447049315,323.603886161535,323.234995711648,195.469760558247,377.023883972479,334.354462869261,327.630022132165,302.604046032032,302.082723183347,163.474507518631,348.40861597883,242.566917352851,236.654968705766,298.736011863026,241.138829663701,239.055944771982,327.276827671451,316.680686760004,357.75472452833,304.433741760263,265.920105927204,292.74715093713,342.335503231779,342.335503231779,215.798889047657,298.736011863026,302.369704327577,0,357.75472452833,296.522860141762,315.390786349988,312.763084913811,336.999938602352,342.448420894772,297.319173435703,352.83423762681,466.78665402649,312.75607076153,468.826538112389,240.517753146479,236.24838546059,242.663758126818,241.177794935564,243.336404073782,236.24838546059,377.023883972479,232.791667580203,397.696742755484,274.27483568851,241.921247123968,317.251893368327,291.341495854634,243.953299113678,348.975393299773,331.066736112864,296.307018604753,239.019825827412,350.444561323341,242.266813260923,324.901499074527,305.242758191524,318.864244809275,156.313727884778,341.354835488401,323.705067081101,291.166755347346,471.596590541278,221.92368877973,321.624607543482,348.517189987709,317.276652100711,331.869633500607,231.806441009759,298.398064739995,298.736011863026,319.00708249879,310.39200714925,317.276652100711,339.262273617208,242.663758126818,331.066736112864,251.969482615336,317.74633160608,245.005408031743,243.953299113678,325.572651670948,363.532505932372,323.170743722113,248.209422621406,309.829255374603,348.517189987709,316.680686760003,350.071393237311,242.566917352851,238.059397180544,231.806441009759,246.982719194169,377.023883972479,464.194066552554,239.99824020048,289.454594529568,323.170743722113,317.790933247208,152.584566849771,355.9708519634,325.533046039811,303.343555994376,321.423407093252,329.500483846528,266.52591960325,291.341495854634,346.955315326826,342.335503231779,274.27483568851,236.654968705766,346.955315326826,316.680686760003,363.532505932372,317.251893368327,298.736011863026,319.00708249879,316.289388985599,299.482841555985,239.99824020048,317.74633160608,298.736011863026,348.975393299773,317.790933247208,363.427419615873,463.454052504465,245.005408031743,238.299146204921,298.736011863026,318.478532290009,241.765149684129,359.151816447118,242.566917352851,350.071393237311,274.896274436715,297.510061097636,150.204437887089,239.221257082045,461.661943514401,318.864244809275,320.798177188966,318.864244809275,320.042497436835,340.184935284776,334.354462869261,241.089719896489,308.697115664084,245.005408031743,318.980689445306,336.874762807135,229.902690416058,331.869633500607,284.319404735956,355.756538713576,377.023883972479,471.856917176354,318.864244809275,339.262273617208,235.365717417076,299.676728972183,150.204437887089
544.837150048757,38.3720974450678,433.854750460157,63.3399005506158,30.1352210369786,316.882170037438,0,17.3861031200721,306.624236433577,30.1352210369786,310.016102490068,317.255649838351,295.034825172837,313.181215947991,547.114307660168,484.208008347661,345.243034581317,334.497284199241,544.974067941945,219.989945975044,326.148673156281,33.3801011100854,537.302087551895,21.9120591410844,207.652330222107,89.1846835952845,148.77192726895,353.709357940421,31.0893504371167,43.1260138492861,464.274536573208,139.916845231591,432.583283300146,348.389853192578,21.9120591410844,306.624236433577,316.108437679219,424.777595468057,303.371810988277,305.577450944161,56.5956846870212,175.614528527693,0,155.22336229836,262.983775988866,430.249900834588,35.7013957044003,35.7013957044003,369.611711778191,424.777595468057,153.547010418727,357.75472452833,0,166.342709357557,298.211125753831,450.189383185578,325.895449449398,30.1352210369785,165.952890422522,17.3861031200722,546.971403982696,385.5771774025,548.605101936893,306.370939963736,316.810658237513,312.23671030848,311.781358788619,296.981743646197,316.810658237513,31.0893504371167,311.361263068935,443.586818815991,329.117878887903,292.496446206614,146.673210378528,428.679250263922,301.792666036195,49.7833040788345,157.065775592705,433.854750460157,321.828184125734,24.7407771423653,310.016102490068,67.5678570214935,185.017885517689,155.098830399332,355.423767007236,142.484181597735,189.560007867283,435.289627786984,552.083042979905,301.028987179514,408.388550885588,21.8068754239806,152.797640697443,49.1156815926828,291.989063595105,429.188819322501,424.777595468058,143.533186437616,104.984677346785,152.797640697443,33.3801011100853,312.23671030848,157.065775592705,278.983987201741,148.594919681124,296.894076128966,301.792666036195,113.192819919738,16.6608664785205,99.7419568693693,314.555110932259,146.042095682645,21.8068754239806,175.614528527693,24.4403765519466,306.624236433577,309.626546901371,291.989063595105,283.626288016378,31.0893504371167,548.339052725341,314.529255547382,426.755616427302,99.7419568693693,149.988118091315,351.047443674293,191.459650007515,97.4929230262659,154.817231056076,105.578156159185,52.805766429028,249.803704478568,428.679250263922,34.9384676274251,35.7013957044001,329.117878887903,316.108437679219,34.9384676274251,175.614528527693,16.6608664785205,146.673210378528,424.777595468058,143.533186437616,102.432252528846,427.27593267915,314.529255547382,148.594919681124,424.777595468058,49.7833040788345,149.988118091315,501.781554824305,543.129797663407,296.894076128966,311.392913973749,424.777595468058,149.328174726847,304.920398809516,21.3192452500315,306.624236433577,24.4403765519466,352.464740873879,164.769952517375,356.952394097346,308.439019645373,534.290560995199,155.098830399332,145.887881524371,155.098830399332,146.122364861114,33.1429306196549,43.1260138492862,313.608278862191,388.483406005662,296.894076128966,156.552459241369,40.4386901872677,321.989525425907,49.1156815926828,379.818961736037,22.1212978369641,31.0893504371167,545.416088753481,155.098830399332,33.3801011100853,317.856867874711,157.380176779068,356.952394097346
483.891035027626,151.267814158328,372.712122432042,133.558722654499,151.031529453635,255.437357774435,166.342709357557,161.420834654563,245.254537333583,151.031529453635,248.649805163664,255.874942571014,233.66736700088,251.831872482948,486.151539770892,423.064036305163,283.84540854205,273.275554999974,484.027882158589,153.634772589275,264.680174288845,147.844697926682,476.378957775022,156.994216279638,159.122202486675,132.043403045362,133.835678091637,292.492732437732,185.612404335502,142.935553605196,403.133093140763,107.927154459949,371.39168551596,287.164336992336,156.994216279638,245.254537333583,254.774099219067,363.572468107489,242.015369207756,244.243500820958,135.846052124197,135.307069164278,166.342709357557,116.255126802854,202.023982601358,369.10739509542,150.922358043509,150.922358043509,308.353934077591,363.572468107489,112.13404272439,296.522860141762,166.342709357557,0,236.472755432139,389.045659623992,265.391914324976,151.031529453635,66.2757369746572,161.420834654563,486.026099500729,324.287943258185,487.662623422397,245.016230520412,255.472317047566,250.860810028248,250.4237998555,235.605265137733,255.472317047566,185.612404335502,250.164612823178,382.681729992121,267.655674500356,231.158218087265,128.213884091465,367.537198171057,240.410222250086,157.567706934881,141.741220461243,372.712122432042,260.46518869938,159.031826713184,248.649805163664,133.477844316137,102.551092030724,130.973878969293,294.205224379151,150.989569458681,145.673008795264,374.129589703853,491.142210652979,239.812605957649,347.199813858595,157.103504193398,129.095377425261,140.450934782915,230.741076130488,367.992881441731,363.572468107489,129.447785535001,118.807375111396,129.095377425261,147.844697926682,250.860810028248,141.741220461243,217.64508409285,128.964260857965,235.498252982158,240.410222250086,134.575624495806,172.120855001826,131.798650912696,253.132812075186,119.752183162723,157.103504193398,135.307069164279,158.656544301508,245.254537333583,248.438206828119,230.741076130488,222.267250221286,185.612404335502,487.356976903117,253.175375384984,365.613663680402,131.798650912696,129.210317236237,289.819688566506,168.057264088084,134.269233990024,114.745774905067,130.13595257702,138.077101503212,188.759225001395,367.537198171057,155.543299956786,150.922358043509,267.655674500356,254.774099219067,155.543299956786,135.307069164279,172.120855001826,128.213884091465,363.572468107489,129.447785535001,124.526305579572,366.077267277687,253.175375384984,128.964260857965,363.572468107489,157.567706934881,129.210317236237,440.636728052554,482.182081458359,235.498252982158,250.066494887821,363.572468107489,129.740778465781,243.557078683386,167.738747391867,245.254537333583,158.656544301508,291.08871038325,74.0963828274985,295.73218447501,247.112008758356,473.373610341103,130.973878969293,131.329015298161,130.973878969293,130.683149897946,148.766575039513,142.935553605196,252.241603920862,327.211877204266,235.498252982158,131.350428002688,145.458394660644,260.781503255159,140.450934782915,318.516733503673,164.342922037137,185.612404335502,484.486946058796,130.973878969293,147.844697926682,256.529407734473,87.3384553137633,295.73218447501
493.38192853709,283.134055477071,389.005298237515,265.45992878646,282.900719208543,272.66284853151,298.211125753831,293.289334598459,270.585564385308,282.900719208543,273.289142255309,276.441878934648,261.931371154863,276.318010876062,495.653552269422,439.428993408686,296.056735033131,297.18917073279,493.717601566127,230.132458643075,275.333254398863,279.715345544358,485.472252922841,288.863023897368,264.090987540203,263.945982578858,261.719106994428,313.403792424143,317.4805357574,274.812753726345,418.932053774512,244.23238722835,384.861290550033,307.176396901687,288.863023897368,270.585564385308,279.076879143174,376.625923660186,268.589286718479,271.128587508208,267.732095065804,252.752872928502,298.211125753831,241.782660504049,252.504841093005,385.393002116075,282.796081161551,282.796081161551,325.231820114367,376.625923660186,239.982694830736,315.390786349988,298.211125753831,236.472755432139,0,404.89160157262,267.332704804001,282.900719208543,237.943159290642,293.289334598459,495.77293022396,330.56980789697,497.395673648993,270.862823538538,279.255039193054,274.282927979385,274.990987319356,263.210264924941,279.255039193054,317.4805357574,280.601588005663,386.50550008462,277.613888806463,261.273434426761,255.553125725938,383.805063356759,266.56128244004,289.445593857189,269.521750393026,389.005298237515,281.159955631335,290.901743543053,273.289142255309,265.40100642168,246.849970987831,256.743529593336,313.145611501463,282.910759851009,259.041576357783,391.025298414645,501.040834798271,269.643547429827,354.950453345008,288.972872257746,255.228934523604,272.335536461953,262.295775495615,381.491716696269,376.625923660186,257.554026077442,250.190699573107,255.228934523604,279.715345544358,274.282927979385,269.521750393026,253.798430349251,255.955711477639,262.542852689309,266.56128244004,266.69914275604,303.989075053785,263.95762422159,272.105102965633,252.425211639242,288.972872257746,252.752872928502,290.524863739229,270.585564385308,280.0220213095,262.295775495615,255.123299126271,317.4805357574,497.051526663331,277.095101686385,381.873351157661,263.95762422159,255.921445121433,309.540772516319,293.879115549764,266.352061016257,240.719221570786,262.358586243284,269.963376605994,243.811213388457,383.805063356759,287.415793432735,282.796081161551,277.613888806463,279.076879143174,287.415793432735,252.752872928502,303.989075053785,255.553125725938,376.625923660186,257.554026077442,256.436339846767,379.275413129176,277.095101686385,255.955711477639,376.625923660186,289.445593857189,255.921445121433,457.046452683508,491.78426285161,262.542852689309,276.091180352699,376.625923660186,256.67959758097,269.511082763153,299.60671278563,270.585564385308,290.524863739229,303.575071473058,238.360783163192,314.542327457634,273.838630965035,482.339612145911,256.743529593336,259.309878386693,256.743529593336,258.504103130048,280.635658325677,274.812753726345,275.635161286656,334.666088554889,262.542852689309,256.771573824971,277.334563400262,289.212312862443,272.335536461953,330.259105241795,296.211037524078,317.4805357574,493.362074741993,256.743529593336,279.715345544358,280.733034157704,240.195761711843,314.542327457634
495.349671291693,435.120722981558,251.394681119445,417.429996596083,434.882306042535,359.099925468047,450.189383185578,445.268648921662,349.27079996032,434.882306042535,349.642093022857,349.194511972527,347.089811164652,348.224778705683,495.624082071534,302.813924734365,375.939609064393,314.623244062829,492.308413149426,387.596099560045,371.437919283121,431.696320660839,496.847533640415,440.842899141899,420.927646073543,416.017003385155,415.255818555778,303.329290738837,469.458587417484,426.789569735627,202.396524666358,395.299101554934,378.724099814479,301.149108338702,440.842899141899,349.27079996032,346.468126862956,383.506876431315,347.570850695815,346.23787672479,419.711442644901,408.112383384237,450.189383185578,396.234180856152,365.302068838009,247.670316879427,434.771011286762,434.771011286762,344.908021665704,383.506876431315,394.249633664803,312.763084913811,450.189383185578,389.045659623992,404.89160157262,0,417.939952480451,434.882306042535,389.954862386213,445.268648921662,493.505288108438,403.273227193732,495.73664153402,347.59199147579,346.314799307854,350.276327091136,349.13028193478,348.341956835556,346.314799307854,469.458587417484,338.799486121132,462.010812118072,373.595793188029,346.548275027097,409.232715281018,245.957344606664,349.569811981196,441.412777055274,423.080965170523,251.394681119445,349.1194834097,442.879383896117,349.642093022857,417.34491244146,398.127618617299,410.74824327705,296.706358961206,434.000896154406,414.925816742083,261.646608843291,496.833273057186,328.732031225245,399.311503589222,440.951721422545,409.179000550123,424.306264958141,337.356263082864,378.15873865902,383.506876431315,411.042149229809,402.696645135789,409.179000550123,431.696320660839,350.276327091136,423.080965170523,353.772318686334,409.705995497383,349.668641745928,349.569811981196,418.138050524068,455.967194550376,415.671316074828,353.884648964297,402.687178926645,440.951721422545,408.112383384237,442.505493041106,349.27079996032,343.601221601265,337.356263082864,349.80530383891,469.458587417484,492.017044848311,348.737616128854,243.912810602616,415.671316074828,409.732702666854,304.669002906308,447.860417926546,418.039063905244,395.156697067049,413.953013327733,421.936556972679,364.770474662058,245.957344606664,439.390791812424,434.771011286762,373.595793188029,346.468126862956,439.390791812424,408.112383384237,455.967194550376,409.232715281018,383.506876431315,411.042149229809,408.665213630529,380.80219834241,348.737616128854,409.705995497383,383.506876431315,441.412777055274,409.732702666854,321.056715114097,491.675970939965,349.668641745928,346.714779247615,383.506876431315,410.435949293132,348.339675095687,451.586184299295,349.27079996032,442.505493041106,377.812913843297,390.176727515279,299.86252614129,346.878605788362,496.543201813587,410.74824327705,412.825250291749,410.74824327705,412.058447556462,432.618519213208,426.789569735627,349.335668733219,398.879520513272,349.668641745928,410.844061307932,429.310147315799,336.569126535871,424.306264958141,385.43733372687,448.190832362063,469.458587417484,507.367740903358,410.74824327705,431.696320660839,345.840759228204,392.232873783095,299.86252614129
485.57829965245,310.812547511475,402.46749809927,293.152460682584,310.582873078402,304.817003545869,325.895449449398,320.972956707951,302.598092985711,310.582873078402,304.895135311179,306.882937711522,295.043636809655,307.261563151589,489.096679455849,453.053477842968,324.584690291046,322.414253965975,486.201476026564,266.258678320829,307.530718390471,307.398033089228,475.413332443834,316.546295390613,284.879996807266,291.570113538674,288.028784982242,335.757401099306,345.164973111874,302.498788777845,431.776849130003,272.847299118178,399.743424586859,329.290201267045,316.546295390613,302.598092985711,309.376766747046,392.286683069994,300.718284003143,302.714539940446,295.417143844387,276.717861892057,325.895449449398,267.441983314737,287.95446812734,398.839015293526,310.483092510192,310.483092510192,347.123246658073,392.286683069994,266.020362326928,336.999938602352,325.895449449398,265.391914324976,267.332704804001,417.939952480451,0,310.582873078402,267.098478845386,320.972956707951,488.279597557022,349.84458142595,489.68634609535,302.618505341454,309.4404071768,305.707620013781,306.263488654983,296.311944392536,309.4404071768,345.164973111873,310.293055449415,368.290490528978,309.406595947972,294.391523657431,281.722238464919,397.204942902524,299.288184955102,317.138168458793,295.807228955416,402.46749809927,310.888183337349,318.586609315116,304.895135311179,293.112987075387,277.048290580042,282.552046642504,333.964636288035,311.206344370283,282.046060012839,406.187625082893,493.482868461028,299.411858279787,366.328896992636,316.656879964434,281.112573083571,300.026288238733,293.974986156157,396.729107156786,392.286683069994,283.916003409151,277.480666195643,281.112573083571,307.398033089228,305.707620013781,295.807228955416,288.882903833151,282.045685292075,295.956114641784,299.288184955102,294.771100143763,331.673474508195,291.844479147389,303.754465384591,281.38687810669,316.656879964434,276.717861892057,318.207587932179,302.598092985711,310.319587168878,293.974986156157,289.601549886962,345.164973111873,492.184084842936,307.935770437879,395.257232571297,291.844479147389,281.945644036712,331.556167259446,319.703895575719,294.251069785175,266.454117051127,290.331946143128,297.652610659354,280.005183398063,397.204942902524,315.102653677909,310.483092510192,309.406595947972,309.376766747046,315.102653677909,276.717861892057,331.673474508195,281.722238464919,392.286683069994,283.916003409151,283.953778448928,394.527609977428,307.935770437879,282.045685292075,392.286683069994,317.138168458793,281.945644036712,470.772902890935,484.251580396896,295.956114641784,307.003184763024,392.286683069994,282.759762376151,301.58473227407,327.290184878195,302.598092985711,318.207587932179,330.891540360075,267.537625734269,335.364796488834,305.128878903324,471.631614728918,282.552046642504,285.642486615026,282.552046642504,284.79688423014,308.316946702726,302.498788777845,306.710145854521,352.879223378829,295.956114641784,282.501810930647,305.021341865866,317.696683168469,300.026288238733,352.458927265578,323.894305170569,345.164973111873,483.43771147838,282.552046642504,307.398033089228,310.718053165868,268.8043176175,335.364796488834
529.528189686179,20.7107735601713,418.547746958452,47.9281151255421,0,301.576048075582,30.1352210369785,24.4219480123824,291.319029686502,0,294.710807271172,301.949854118349,279.729983783316,297.875892874526,531.805437631278,468.901021730636,329.936286727453,319.19174433844,529.66513387987,204.680101855577,310.841889022324,15.2819885650034,521.992952528129,19.1634506412577,192.322806105852,73.7460195753883,133.413002591254,338.403329316401,49.4490723992836,27.8113892874436,448.967442929982,124.623101964329,417.276066289411,333.083705500204,19.1634506412577,291.319029686502,300.803081088506,409.470376512072,288.066758651465,290.272434815429,41.120210634212,160.277871245166,30.1352210369785,139.886603464586,247.682049074144,414.942895587301,23.8953007680202,23.8953007680202,354.305197143941,409.470376512072,138.212866430405,342.448420894772,30.1352210369785,151.031529453635,282.900719208543,434.882306042535,310.582873078402,0,150.64434858649,24.4219480123827,531.662472730648,370.269465436865,533.296153869711,291.065794560705,301.505235716654,296.931266275197,296.476050458486,281.676819759098,301.505235716654,49.4490723992838,296.056725382655,428.276960136982,313.811015444868,277.191842637952,131.316777656687,413.37224060198,286.48756330419,37.5317110714057,141.707850646628,418.547746958452,306.522385522687,24.2338388729089,294.710807271172,52.2420989725824,169.71203310949,139.747904962294,340.117435746491,127.27996634279,174.226393189837,419.982781202879,536.774108094868,285.724357317661,393.080599046666,20.4919942439193,137.446343292406,33.9612051128571,276.684674731633,413.881623803004,409.470376512072,128.172511322724,89.5746603203935,137.446343292406,15.2819885650036,296.931266275197,141.707850646628,263.680112269241,133.239747390446,281.589081393945,286.48756330419,98.0068036616012,35.9514661977825,84.5137607275381,299.249164956405,130.768435427736,20.4919942439193,160.277871245166,20.6019320963583,291.319029686502,294.32217975802,276.684674731633,268.322006955968,49.4490723992838,533.030310262239,299.223861812169,411.448604931129,84.5137607275381,134.634047056303,335.741257263654,176.108072114314,82.3216373076407,139.481478115558,90.3602649842848,37.4423392020965,234.502351850575,413.37224060198,26.2004020464258,23.8953007680202,313.811015444868,300.803081088506,26.2004020464258,160.277871245166,35.9514661977825,131.316777656687,409.470376512072,128.172511322724,87.0317274983462,411.968707423046,299.223861812169,133.239747390446,409.470376512072,37.5317110714057,134.634047056303,486.474578764051,527.820860311578,281.589081393945,296.087782036524,409.470376512072,133.9730437576,289.615269100185,30.8464182411684,291.319029686502,20.6019320963583,337.157977512315,149.462403656884,341.646047994921,293.13398100545,518.981376246558,139.747904962294,130.528165667219,139.747904962294,130.763417874634,13.4134672458089,27.8113892874437,298.302825794823,373.175757517761,281.589081393945,141.202525126385,25.6227678623309,306.684684663527,33.9612051128571,364.511916609784,27.1050345396039,49.4490723992838,530.106957966499,139.747904962294,15.2819885650036,302.5514929861,142.070772246982,341.646047994921
485.071574682643,150.885292490218,373.610703352067,133.157413948031,150.64434858649,256.210456549795,165.952890422522,161.031856811122,245.886248642692,150.64434858649,249.29510137749,256.596942342801,234.242692689778,252.481410566699,487.319534915336,423.960164926628,284.713271833643,273.95804855218,485.204413536554,155.353116154769,265.555898789867,147.456804069945,477.584432936432,156.605659252291,161.845362517403,131.733350231566,134.992471300726,293.247981753646,185.222463906352,142.543197686289,404.044681839405,105.648880434819,372.323320013507,287.937318288061,156.605659252291,245.886248642692,255.428728545563,364.504910391043,242.623370552076,244.846069139232,135.454740080166,137.708316535927,165.952890422522,118.569726965352,202.117498660922,370.006228629806,150.528932287728,150.528932287728,309.18238668129,364.504910391043,114.559337081338,297.319173435703,165.952890422522,66.2757369746572,237.943159290642,389.954862386213,267.098478845386,150.64434858649,0,161.031856811123,487.202134158574,325.298636529998,488.841008623649,245.638544564721,256.137009192819,251.528952247376,251.071094150012,236.193295523209,256.137009192819,185.222463906352,250.697181421074,383.996723937074,268.543421577386,231.697020085297,129.509285523096,368.436677965451,241.02588004554,157.167132519811,142.917881921158,373.610703352067,261.187402991953,158.641267364848,249.29510137749,133.050784311803,98.2049376809507,132.543227705605,295.005439325653,149.803218242227,148.239923330726,375.005209078925,492.318449093147,240.35824140481,348.24207112701,156.714021835055,130.633620888533,140.052298323576,231.248703915606,368.921459387355,364.504910391043,130.561753594293,118.941979327752,130.633620888533,147.456804069946,251.528952247376,142.917881921158,218.068851082242,130.318580293957,236.097127283835,241.02588004554,133.668085886504,171.730954984366,131.133634477897,253.878441469549,117.402971286518,156.714021835055,137.708316535927,158.26867435307,245.886248642692,248.945059276401,231.248703915606,222.755040436806,185.222463906352,488.506939627314,253.835728164287,366.513407175566,131.133634477897,130.61794547001,290.598460940256,169.59770526624,133.592602759921,117.125214835151,129.35188470344,137.680366634793,188.774659426225,368.436677965451,155.150138038184,150.528932287729,268.543421577386,255.428728545563,155.150138038184,137.708316535927,171.730954984366,129.509285523096,364.504910391043,130.561753594293,124.366035628737,367.010407466346,253.835728164287,130.318580293957,364.504910391043,157.167132519811,130.61794547001,441.531322574059,483.359230767021,236.097127283835,250.686838644975,364.504910391043,131.09708387726,244.176956574419,167.349958911211,245.886248642692,158.26867435307,291.958250451083,48.761736623538,296.534634212062,247.718073401897,474.586216631529,132.543227705605,132.466965714973,132.543227705605,131.857402430049,148.380484794388,142.54319768629,252.91108495881,328.212074531044,236.097127283835,132.973574872124,145.065137025268,261.359549435651,140.052298323576,319.426591909105,163.954381013467,185.222463906352,485.692231138519,132.543227705605,147.456804069946,257.186811466056,83.8318668412591,296.534634212062
539.915813722595,32.6943879268695,428.934039662841,58.3958527892955,24.4219480123827,311.961742756422,17.3861031200722,0,301.704100431743,24.4219480123827,305.095938245835,312.335326093489,290.114805676251,308.261042685567,542.193000272324,479.28730294492,340.322407340331,329.57704076414,540.052740001359,215.068365702592,321.228034897295,28.1729651688366,532.380695349805,14.4322246915706,202.724308000108,84.2314570327039,143.83214547454,348.788958605972,37.1935282393594,38.2214303030837,459.353797029338,135.000603922479,427.662504828936,343.469415964591,14.4322246915706,301.704100431743,311.188253607917,419.856816484947,298.45172412591,300.657375449443,51.6382750519484,170.684074089419,17.3861031200722,150.293124489775,258.064746757455,425.329189479724,31.4057582472473,31.4057582472473,364.691157802941,419.856816484947,148.617738980092,352.83423762681,17.3861031200722,161.420834654563,293.289334598459,445.268648921662,320.972956707951,24.4219480123827,161.031856811123,0,542.050076930607,380.656241879398,543.683769500287,301.45082340648,311.890453172289,307.316498681255,306.861190293503,292.061697910107,311.890453172289,37.1935282393596,306.441339021156,438.665195746633,324.197215289504,287.576502326948,141.735426777416,423.758537497638,296.87256330849,45.5320336714701,152.125965704033,428.934039662841,316.907859321553,22.634315581268,305.095938245835,62.6442502429335,180.097656720208,150.163102606979,350.503271187525,137.594406107417,184.630602775819,430.368967169069,547.161714732004,296.109033908064,403.467538081706,16.7758111743834,147.861901963802,44.2339276202344,287.069187457818,424.268047738863,419.856816484947,138.59335448556,100.03541091844,147.861901963802,28.1729651688365,307.316498681255,152.125965704033,274.064275744108,143.657493974402,291.974007950881,296.87256330849,108.307694219503,23.6402969633142,94.8446634051525,309.634739597316,141.131927350622,16.7758111743834,170.684074089419,16.4249972120189,301.704100431743,304.706677176719,287.069187457818,278.706447171836,37.1935282393596,543.417786168133,309.609059786063,421.834903075433,94.8446634051525,145.051143711932,346.126994118472,186.523556758386,92.6111475038658,149.887352022793,100.683857347268,47.875888401453,244.884795517659,423.758537497638,31.3054266437713,31.4057582472472,324.197215289504,311.188253607917,31.3054266437713,170.684074089419,23.6402969633142,141.735426777416,419.856816484947,138.59335448556,97.4871854306732,422.35515163545,309.609059786063,143.657493974402,419.856816484947,45.5320336714701,145.051143711932,496.86085279454,538.208468686774,291.974007950881,306.472801484603,419.856816484947,144.390651306899,300.000287325978,16.6464188779243,301.704100431743,16.4249972120189,347.544108518906,159.84923875215,352.031893558742,303.518936915531,529.369152888733,150.163102606979,140.948077716974,150.163102606979,141.18300068578,27.6302563738375,38.2214303030838,308.688064280753,383.562490584546,291.974007950881,151.617113187512,35.6334126620652,317.06950481692,44.2339276202344,374.898238952419,14.7149154240438,37.1935282393596,540.494697952179,150.163102606979,28.1729651688365,312.936677912968,152.458943434437,352.031893558742
330.060328524951,531.897947871023,478.472780186993,514.217500665973,531.662472730648,476.190634370042,546.971403982696,542.050076930607,472.28322640011,531.662472730648,473.279742042176,472.277366431305,468.516857061695,473.482166237629,394.920451228305,530.192252941041,490.587113710063,464.790196686523,222.444138593911,485.181036518281,482.389544374412,528.476871385692,367.407519835742,537.624019590301,513.740953040825,512.747495413444,511.052936220149,465.462030367647,566.240716280287,523.572640774203,505.515429733721,492.696274524468,511.722764972532,459.366685636059,537.624019590301,472.28322640011,473.409096724684,511.336521131373,470.860114866934,471.109680063057,516.493318432794,502.508514449884,546.971403982696,491.507834262282,478.358475569487,474.732688974071,531.555051266168,531.555051266168,483.638141915173,511.336521131373,489.712096121329,466.78665402649,546.971403982696,486.026099500729,495.77293022396,493.505288108438,488.279597557022,531.662472730648,487.202134158574,542.050076930607,0,506.596157733295,188.716147835372,471.50528285556,473.149556292691,473.579882278239,473.56978348913,469.625218526203,473.149556292691,566.240716280287,472.067142798346,500.41156282041,484.015572353324,468.322989136863,504.934732015563,472.764504785757,471.249001752812,538.201295604698,518.862408351503,478.472780186993,473.952455766958,539.661793196401,473.279742042176,514.147750999348,495.957605836671,506.22009557722,458.655050079504,531.287517396561,508.819439210782,494.837388422934,318.051961821486,461.398212123264,497.208776110382,537.73343497933,504.694480416873,521.092965787304,463.507098943646,510.752486610094,511.336521131373,506.873126721812,499.168687828065,504.694480416873,528.476871385692,473.579882278239,518.862408351503,470.914687321522,505.35771698739,470.099636193237,471.249001752812,515.231817851157,552.749287646858,512.610266917177,473.212418041724,500.473781280919,537.73343497933,502.508514449884,539.286175585861,472.28322640011,474.74140518342,463.507098943646,468.526447037694,566.240716280287,431.882545119509,473.86242972005,470.708294825712,512.610266917177,505.341885767465,461.686461370918,543.345489327759,514.99118394658,490.460571074521,510.961136707611,518.721918840428,475.014151689936,472.764504785757,536.174759700243,531.555051266168,484.015572353324,473.409096724684,536.174759700243,502.508514449884,552.749287646858,504.934732015563,511.336521131373,506.873126721812,505.30667971599,510.430509091326,473.86242972005,505.35771698739,511.336521131373,538.201295604698,505.341885767465,548.62471778233,297.346356699826,470.099636193237,473.066005257651,511.336521131373,506.082329866329,471.497799241356,548.367509395393,472.28322640011,539.286175585861,493.677857538214,487.497705011842,460.467720790209,472.514139978195,379.991546180333,506.22009557722,508.637225869172,506.22009557722,507.843979066648,529.397965224497,523.572640774203,473.46656023475,503.927287564429,470.099636193237,506.266880157988,526.093885169284,474.226402363931,521.092965787304,502.575185417592,544.971979427198,566.240716280287,411.188316970134,506.22009557722,528.476871385692,473.648864328153,489.295451303234,460.467720790209
504.101985953717,370.506928796251,388.525722875903,352.819234754681,370.269465436865,287.125785220258,385.5771774025,380.656241879398,296.032926143154,370.269465436865,296.65223542731,289.955941879469,293.998383832749,297.616316873392,504.597849760501,438.960525011206,282.186940724522,309.03242957356,504.451123556864,321.757368254833,281.372481764323,367.083591097615,498.558679100613,376.230384549905,355.435649619146,351.387223126192,350.357172820415,317.881444602846,404.846421826703,362.177605563786,417.498241621428,330.846602557953,365.31596157642,308.687674145985,376.230384549905,296.032926143154,298.442263841345,351.833521309948,295.896537218466,297.31916979881,355.098972085871,342.885244573102,385.5771774025,331.168148704741,309.155461783853,384.911082168071,370.159416925481,370.159416925481,312.697779689824,351.833521309948,329.215531201553,312.75607076153,385.5771774025,324.287943258185,330.56980789697,403.273227193732,349.84458142595,370.269465436865,325.298636529998,380.656241879398,506.596157733295,0,508.492263030176,296.22143708826,297.524397222676,295.427734804678,297.306242417743,294.54449270104,297.524397222676,404.846421826703,307.048474989291,408.236790367009,280.706565449519,295.24641044412,344.308063977292,383.328544414025,295.13772035798,376.802636127039,358.178242351415,388.525722875903,292.719871334463,378.267289722862,296.65223542731,352.739025930103,333.579131136932,345.764764940556,311.724378269008,369.555490514711,349.604737858674,390.110202099363,512.274208010892,295.524400060661,308.631266057809,376.339399694505,344.205310756878,359.695427815444,293.961431245194,361.109138777825,351.833521309948,346.15230602124,337.986132519049,344.205310756878,367.083591097615,295.427734804678,358.178242351415,298.933169561087,344.768560362244,294.234251158782,295.13772035798,353.626585272087,391.355015721705,351.108115023268,287.209914257773,338.389685771486,376.339399694505,342.885244573102,377.892836921243,296.032926143154,308.792752642452,293.961431245194,295.656934159786,404.846421826703,503.9048371154,297.289625630756,381.392553596201,351.108115023268,344.784220849507,310.029743132272,382.88123762258,353.4811321586,330.09284480026,349.412014430954,357.325250892144,306.101014696618,383.328544414025,374.77918930275,370.15941692548,280.706565449519,298.442263841345,374.77918930275,342.885244573102,391.355015721705,344.308063977292,351.833521309948,346.15230602124,344.005773094389,356.780921726532,297.289625630756,344.768560362244,351.833521309948,376.802636127039,344.784220849507,456.584021520133,502.354567798541,294.234251158782,299.442811680626,351.833521309948,345.497440462486,295.910115303308,386.973749030058,296.032926143154,377.892836921243,283.001924563296,325.557908238866,312.550124099435,299.061866423097,496.083932271522,345.764764940556,347.930471050242,345.764764940556,347.156586807862,368.005437473638,362.177605563786,295.708244474964,208.156166838649,294.234251158782,345.84834065696,364.698420026885,311.375642989134,359.695427815444,279.893953259061,383.578335210494,404.846421826703,505.866424211015,345.764764940556,367.083591097615,299.185581804536,327.586485389419,312.550124099435
340.371865526393,533.531602084429,480.664231803662,515.851250348558,533.296153869711,478.039402897969,548.605101936893,543.683769500287,474.14175507075,533.296153869711,475.143969846974,474.154266514685,470.358964711208,475.356037433682,402.435432317213,532.382179780747,492.456422935325,466.767721316804,258.947166368674,486.828893080454,484.218793450059,530.110556101948,367.453217357086,539.257709381084,515.336060523513,514.380725983973,512.677458342311,467.495020377667,567.874415200058,525.206348794595,507.745354545501,494.335782310463,513.886176486935,461.401427630688,539.257709381084,474.14175507075,475.292734040377,513.45721699534,472.716765759927,472.974103834709,518.127016068776,504.119551223623,548.605101936893,493.12757487218,480.127736664542,476.92430527342,533.188767898042,533.188767898042,485.651869771049,513.45721699534,491.333717314863,468.826538112389,548.605101936893,487.662623422397,497.395673648993,495.73664153402,489.68634609535,533.296153869711,488.841008623649,543.683769500287,188.716147835372,508.492263030176,0,473.367424653303,475.03459695855,475.446214794019,475.438814366347,471.467958876089,475.03459695855,567.874415200058,473.960404083845,501.892421410644,485.845200216653,470.163250587642,506.558359811519,474.956421430263,473.09753984282,539.835053217145,520.486781918556,480.664231803662,475.839964531845,541.295494772204,475.143969846974,515.781641451729,497.602143237602,507.841536276071,460.715744567437,532.925816921999,510.425489519223,497.017981540787,305.283060996401,463.290670386567,499.239513515671,539.367130196218,506.316343453001,522.726707254782,465.3667158398,512.902803627829,513.45721699534,508.497969773296,500.799539004717,506.316343453001,530.110556101948,475.446214794019,520.486781918556,472.71994480395,506.980866459296,471.938645531682,473.09753984282,516.868369527318,554.382986246746,514.245409453855,475.070472562126,502.116712479986,539.367130196218,504.119551223623,540.919861366326,474.14175507075,476.623163618524,465.3667158398,470.345046140806,567.874415200058,437.894578040394,475.737548406897,472.900382717113,514.245409453855,506.964631994801,463.72197340152,544.967050027617,516.626442357393,492.080629462038,512.596913053586,520.355648216914,476.763600320813,474.956421430263,537.808475603014,533.188767898042,485.845200216653,475.292734040377,537.808475603014,504.119551223623,554.382986246746,506.558359811519,513.45721699534,508.497969773296,506.939099705722,512.570528564621,475.737548406897,506.980866459296,513.45721699534,539.835053217145,506.964631994801,550.813689830221,313.594064901585,471.938645531682,474.940715055408,513.45721699534,507.705426945326,473.355393979528,550.001200998911,474.14175507075,540.919861366326,495.562062072924,489.137185176094,462.527436394224,474.38302807005,379.550183843706,507.841536276071,510.261888797115,507.841536276071,509.46839247823,531.031639802475,525.206348794595,475.337887018799,505.854122843782,471.938645531682,507.887853306399,527.727599196512,476.142439362532,522.726707254782,504.518985089397,546.605669420466,567.874415200058,413.471855658674,507.841536276071,530.110556101948,475.537421181716,490.932314707645,462.527436394224
469.880491339741,291.307291892936,330.576245813002,273.605725523134,291.065794560705,195.905710844854,306.370939963736,301.45082340648,93.4965260910074,291.065794560705,111.187339612449,173.953907650778,139.409362646865,124.403762066819,470.956245528989,380.683764830697,238.24396547518,211.311002387661,469.572954259063,243.029040896789,226.03527226796,287.87940350989,464.848308114357,297.025393483087,281.241752039546,272.252437569955,272.471769810686,234.976268146092,325.640032621998,282.969998616572,361.95788291275,250.827386543565,331.247307039935,229.750886968778,297.025393483087,93.4965260910074,143.472541106208,323.40780526266,91.9200974591118,111.531368302417,275.893095912814,266.793289359141,306.370939963736,254.003719308733,203.907776449861,326.995297896504,290.950440609524,290.950440609524,254.284185988742,323.40780526266,251.822632598951,240.517753146479,306.370939963736,245.016230520412,270.862823538538,347.59199147579,302.618505341454,291.065794560705,245.638544564721,301.45082340648,471.50528285556,296.22143708826,473.367424653303,0,148.320440845277,140.026239818337,115.356837029282,136.84051220656,148.320440845277,325.640032621998,190.161955335148,383.503991347979,230.348435086211,151.121669766642,266.54856784795,325.497739066311,124.289508596868,297.587515320747,280.313363479531,330.576245813002,177.977701378487,299.060529744818,111.187339612449,273.504544896404,253.182597534739,268.305491195854,239.715059852411,289.653348609847,274.127772418908,329.342211501997,476.589700485476,175.655044210628,320.633125706544,297.133595069832,266.690654870395,280.482877135529,162.874558019919,327.45639308175,323.40780526266,268.222571928566,259.203553584288,266.690654870395,287.87940350989,140.026239818337,280.313363479531,180.22977000502,267.074591241976,142.868133314659,124.289508596868,273.992331498992,312.148676692422,271.687835011453,183.941146075542,257.806185113435,297.133595069832,266.793289359141,298.688445816567,93.4965260910072,190.382490636798,162.874558019919,168.866187501387,325.640032621998,470.394233038552,135.463193054136,323.596483474476,271.687835011453,267.145930665471,232.625254431278,305.403670830078,274.042008547831,252.895208206003,269.896819008348,278.114563980678,205.781723210752,325.497739066311,295.570301340032,290.950440609524,230.348435086211,143.472541106208,295.570301340032,266.793289359141,312.148676692422,266.54856784795,323.40780526266,268.222571928566,264.994004179103,326.040803888671,135.463193054136,267.074591241976,323.40780526266,297.587515320747,267.145930665471,398.10231564404,467.814802507252,142.868133314659,127.37830834868,323.40780526266,267.810115408471,83.663317899385,307.768467605861,93.4965260910072,298.688445816567,244.504032820515,245.781274284092,241.293271670955,121.565367205465,462.556790465116,268.305491195854,270.02561121497,268.305491195854,269.286571993697,288.802760561119,282.969998616572,141.151228123096,297.051893901273,142.868133314659,268.452701693218,285.489883074672,198.748597392791,280.482877135529,275.940039648417,304.373300936935,325.640032621998,473.016892610524,268.305491195854,287.87940350989,151.418946163535,248.113982886441,241.293271670955
471.590236783112,301.746293716045,329.335515528882,284.046258515843,301.505235716654,198.952520207791,316.810658237513,311.890453172289,152.592592779602,301.505235716654,143.261326578962,165.021147125444,171.053345160976,118.157264140378,472.549137276824,379.419784002675,238.592461240602,210.270515593396,471.2270803711,253.464839851454,229.95333296365,298.318901863917,466.824804279589,307.464977252707,291.119349998536,282.684419644652,282.765909901497,232.245650198088,336.079767048154,293.409873038292,360.722158777119,261.358236027763,329.599807204035,225.997037019477,307.464977252707,152.592592779602,87.694564953619,321.704051566844,157.175044394211,153.400167191157,286.332789615955,276.886724312792,316.810658237513,264.218766970315,217.11436322691,325.756556438495,301.390460302852,301.390460302852,249.438481288983,321.704051566844,262.063737237334,236.24838546059,316.810658237513,255.472317047566,279.255039193054,346.314799307854,309.4404071768,301.505235716654,256.137009192819,311.890453172289,473.149556292691,297.524397222676,475.03459695855,148.320440845277,0,144.354907227791,132.66516309155,170.471394146179,0,336.079767048154,196.909463894374,387.083456996895,234.076788331661,176.115345695202,276.828754571861,324.267569220531,164.858292317607,308.028204267544,290.605220996923,329.335515528882,162.758098095036,309.50030594542,143.261326578962,283.947369814859,263.766413132441,278.552250671094,236.248011318468,300.168786267963,284.151589345267,327.760932949139,478.221945153135,182.397020131722,321.292231856863,307.573267382044,276.943630654966,290.923293648046,176.87272874017,325.729139192953,321.704051566844,278.521642455605,269.596964142083,276.943630654966,298.318901863917,144.354907227791,290.605220996923,196.75902282503,277.347479274401,173.085974956003,164.858292317607,284.478758452363,322.588405774779,282.151013637204,185.151312256416,268.397395245864,307.573267382044,276.886724312792,309.127964236619,152.592592779601,198.477540112134,176.87272874017,187.972213752039,336.079767048154,471.800469631576,114.85395827102,322.367666374247,282.151013637204,277.412625879011,228.649441709449,315.6524341866,284.507175315435,263.114152298514,280.370371235351,288.554779723387,218.613169735975,324.267569220531,306.010310297334,301.390460302852,234.076788331661,87.694564953619,306.010310297334,276.886724312792,322.588405774779,276.828754571861,321.704051566844,278.521642455605,275.412610726017,324.378064231835,114.85395827102,277.347479274401,321.704051566844,308.028204267544,277.412625879011,396.82343119788,469.482792877095,173.085974956003,141.692175372963,321.704051566844,278.082252712495,154.507205717212,318.208082120855,152.592592779601,309.127964236619,243.830686197037,256.292053112256,237.724235273073,151.60006134996,464.610813170283,278.552250671094,280.321915101179,278.552250671094,279.579008663663,299.242093966273,293.409873038292,133.244266623959,297.746331090143,173.085974956003,278.692365341337,295.929857390181,202.97601940247,290.923293648046,274.340835023786,314.81288882694,336.079767048154,475.014146977062,278.552250671094,298.318901863917,97.1409555722561,258.588703361365,237.724235273073
471.925258697662,297.172301477997,333.450443885756,279.472283543523,296.931266275197,187.235143090584,312.23671030848,307.316498681255,131.636726793537,296.931266275197,114.800378046272,153.940931924136,162.641946086265,128.133949032747,472.962164587041,383.573767937095,233.841492230588,217.977777799777,471.639468170058,248.634139612029,222.722759003535,293.744932594606,466.902338282114,302.891018726145,286.580905898604,278.109906542291,278.190533757333,239.258597639035,331.505821058368,288.835912387963,364.64890450963,256.78062962226,332.271961126503,232.995930587016,302.891018726145,131.636726793537,147.284134734786,324.036239676177,148.536386384946,155.366103928173,281.758795299462,272.322042469784,312.23671030848,259.640696128627,213.491566744982,329.867694738347,296.816518833716,296.816518833716,254.1902421301,324.036239676177,257.482170857948,242.663758126818,312.23671030848,250.860810028248,274.282927979385,350.276327091136,305.707620013781,296.931266275197,251.528952247376,307.316498681255,473.579882278239,295.427734804678,475.446214794019,140.026239818337,144.354907227791,0,119.009020609194,159.921165316033,144.354907227791,331.505821058368,201.840510707465,385.365334417636,227.262515481205,171.667059413776,272.253536906352,328.367117665483,148.16717855707,303.454297651576,286.029904544823,333.450443885756,161.403362682311,304.92635800108,114.800378046273,279.373492118809,259.143866493387,273.978073254336,242.451688743678,295.599270969564,279.59405544303,332.287923802187,478.688868335639,187.984303820054,320.986321439108,302.999313601071,272.369046053526,286.349350455686,179.246814384475,328.397665852638,324.036239676177,273.946136531132,265.021093956256,272.369046053526,293.744932594606,0,286.029904544823,192.081453058618,272.7725003183,159.884630091662,148.16717855707,279.907082397211,318.014459155849,277.577866676876,170.949913862471,263.828070516301,302.999313601071,272.322042469784,304.554002379926,131.636726793537,202.594363236018,179.246814384475,182.576428285848,331.505821058368,472.371236218215,119.576283996891,326.463704796751,277.577866676876,272.837811694037,235.553787043056,311.078333817419,279.934335618232,258.535086976011,275.797690432678,283.980819075805,214.367728757208,328.367117665483,301.436371523818,296.816518833716,227.262515481205,147.284134734787,301.436371523818,272.322042469784,318.014459155849,272.253536906352,324.036239676177,273.946136531132,270.837278909328,326.84507571844,119.576283996891,272.7725003183,324.036239676177,303.454297651576,272.837811694037,401.002067022676,469.868310391575,159.884630091662,155.994036792267,324.036239676177,273.507343604384,141.122119873814,313.634127869583,131.636726793537,304.554002379926,240.273130729934,251.686748101352,243.880205717446,158.268675673596,464.611937388668,273.978073254336,275.746482671008,273.978073254336,275.003643920647,294.668117390472,288.835912387963,88.9587491554081,296.316000587183,159.884630091662,274.118454530651,291.355906197331,209.131986004698,286.349350455686,273.942318867997,310.238932319895,331.505821058368,475.037201271068,273.978073254336,293.744932594606,155.241147191289,253.992991817428,243.880205717446
471.951739186748,296.717293098993,332.180963597526,279.016594535063,296.476050458486,194.873187298798,311.781358788619,306.861190293503,116.496882464482,296.476050458486,87.7962021381265,166.478959083315,156.311907686336,87.9014195429891,472.986944790999,382.287612137465,237.955366653993,214.092031586244,471.637357309429,248.354461544602,226.928148157169,293.289691674523,466.987544903972,302.435733178997,286.34707627267,277.658319068706,277.799755762091,236.642050179474,331.050461161901,288.380501321469,363.508261067447,256.287956110138,332.191669931543,230.862605355276,302.435733178997,116.496882464482,130.348716770819,324.217260497781,133.418491335804,137.656461670706,281.303486093481,272.011699921895,311.781358788619,259.286299464314,211.184990066795,328.599953278699,296.361031247143,296.361031247143,254.128199066493,324.217260497781,257.11876058963,241.177794935564,311.781358788619,250.4237998555,274.990987319356,349.13028193478,306.263488654983,296.476050458486,251.071094150012,306.861190293503,473.56978348913,297.306242417743,475.438814366347,115.356837029282,132.66516309155,119.009020609194,0,154.127058688169,132.66516309155,331.050461161901,196.385523471294,385.973481704245,231.270428139826,165.218875443537,271.868747594504,327.103570286964,142.805583117063,302.99849398351,285.640083309227,332.180963597526,170.06638774946,304.470981187615,87.7962021381264,278.916735702306,258.658569354849,273.6071826308,240.742935993843,295.107826779544,279.309282914289,330.885687309273,478.658871365167,182.04504079966,321.924427629606,302.543986143982,271.995715688885,285.893690701793,172.418260243324,328.356119960321,324.217260497781,273.553292474654,264.587279864653,271.995715688885,293.289691674523,119.009020609194,285.640083309227,189.101638836787,272.390737870849,156.844801676011,142.805583117063,279.42978108033,317.559102022216,277.11172177828,181.120267349862,263.303404699213,302.543986143982,272.011699921895,304.098747647458,116.496882464482,197.116869578603,172.418260243324,179.031728063511,331.050461161901,472.37044531495,97.9569738851814,325.201988095768,277.11172177828,272.458643107353,233.589627442491,310.706515477307,279.467113100224,258.179662262376,275.326696892855,283.525258907213,212.64840797366,327.103570286964,300.980886790814,296.361031247143,231.270428139826,130.34871677082,300.980886790814,272.011699921895,317.559102022216,271.868747594504,324.217260497781,273.553292474654,270.392091307181,326.914026031265,97.9569738851814,272.390737870849,324.217260497781,302.99849398351,272.458643107353,399.705488299732,469.878563655647,156.844801676011,135.344705355919,324.217260497781,273.125861776017,124.39851060862,313.178825981074,116.496882464482,304.098747647458,244.031586863841,251.221644893291,242.251929052094,140.086383216712,464.715298413175,273.6071826308,275.354797499375,273.6071826308,274.613602412952,294.212953500445,288.380501321469,114.933572147485,298.010154868393,156.844801676011,273.750483228831,290.900445054889,203.941983436218,285.893690701793,275.957718741442,309.783643598081,331.050461161901,475.150731945643,273.6071826308,293.289691674523,142.296459246047,253.537126656391,242.251929052094
467.940435226939,281.918671378114,331.350394620948,264.21585348959,281.676819759098,195.129291851769,296.981743646197,292.061697910107,135.959518428913,281.676819759098,148.823862447652,182.056760646092,79.1451797289882,158.921632901294,469.113069904845,381.481550140912,237.715032785918,213.325151568361,467.683456184648,233.595714212407,222.953264837412,278.490381826152,462.678146983293,287.636304628615,272.3191062525,262.869440601399,263.20144057808,237.352388155799,316.250823584309,273.58067067116,362.675717078519,241.362455715626,331.93245495185,232.511514530114,287.636304628615,135.959518428913,167.87551344238,324.076233198388,122.555582268316,139.583446956081,266.50390726755,257.689343287656,296.981743646197,244.79771295505,192.489802037607,327.767291528621,281.56099867689,281.56099867689,257.066705563046,324.076233198388,242.594608891452,243.336404073782,296.981743646197,235.605265137733,263.210264924941,348.341956835556,296.311944392536,281.676819759098,236.193295523209,292.061697910107,469.625218526203,294.54449270104,471.467958876089,136.84051220656,170.471394146179,159.921165316033,154.127058688169,0,170.471394146178,316.250823584309,187.870664279883,379.948741632102,227.332253403004,125.831859905402,257.289697430969,326.261848995496,110.000773412923,288.197533657908,271.044915366679,331.350394620948,187.473432410898,289.671285884731,148.823862447652,264.112818261415,243.663397235968,259.074200313749,242.138815148729,280.203175123877,265.082114642922,330.414236761969,474.722770371706,174.134160044996,319.434368127446,287.744434860397,257.454195126203,271.093109053415,156.956716329056,328.189400254831,324.076233198388,258.948179238655,249.851837635554,257.454195126203,278.490381826151,159.921165316033,271.044915366679,164.326764500241,257.821744988278,89.2192438855253,110.000773412923,264.565402032028,302.759471866158,262.279599530521,185.691143296537,248.29367871856,287.744434860397,257.689343287656,289.299409670656,135.959518428913,187.012393643014,156.956716329056,148.624364455693,316.250823584309,468.708971534075,163.150320539426,324.358850495273,262.279599530521,257.898188524674,235.446756411752,296.170752127386,264.632223498318,243.685825752579,260.480191037634,268.724955965066,194.423113060941,326.261848995496,286.180868969104,281.56099867689,227.332253403004,167.87551344238,286.180868969104,257.689343287656,302.759471866158,257.289697430969,324.076233198388,258.948179238655,255.621771494757,326.703079196753,163.150320539426,257.821744988278,324.076233198388,288.197533657908,257.898188524674,398.915137863625,465.911862436058,89.2192438855253,155.755065910752,324.076233198388,258.557897435109,128.452255891517,298.379354677218,135.959518428913,289.299409670656,244.591581611975,236.326458244709,243.747887451597,148.00874664658,460.319591019703,259.074200313749,260.753498812695,259.074200313749,260.017640001942,279.413872240491,273.58067067116,163.168188471524,295.826310664014,89.2192438855253,259.227273878526,276.100475717709,198.125590821497,271.093109053415,276.411357950731,294.984209240964,316.250823584309,470.825534494871,259.074200313749,278.490381826151,172.237553293316,238.691063485054,243.747887451597
471.590236783112,301.746293716045,329.335515528882,284.046258515843,301.505235716654,198.952520207791,316.810658237513,311.890453172289,152.592592779602,301.505235716654,143.261326578962,165.021147125444,171.053345160976,118.157264140378,472.549137276824,379.419784002675,238.592461240602,210.270515593396,471.2270803711,253.464839851454,229.95333296365,298.318901863917,466.824804279589,307.464977252707,291.119349998536,282.684419644652,282.765909901497,232.245650198088,336.079767048154,293.409873038292,360.722158777119,261.358236027763,329.599807204035,225.997037019477,307.464977252707,152.592592779602,87.694564953619,321.704051566844,157.175044394211,153.400167191157,286.332789615955,276.886724312792,316.810658237513,264.218766970315,217.11436322691,325.756556438495,301.390460302852,301.390460302852,249.438481288983,321.704051566844,262.063737237334,236.24838546059,316.810658237513,255.472317047566,279.255039193054,346.314799307854,309.4404071768,301.505235716654,256.137009192819,311.890453172289,473.149556292691,297.524397222676,475.03459695855,148.320440845277,0,144.354907227791,132.66516309155,170.471394146178,0,336.079767048154,196.909463894374,387.083456996895,234.076788331661,176.115345695202,276.828754571861,324.267569220531,164.858292317607,308.028204267544,290.605220996923,329.335515528882,162.758098095036,309.50030594542,143.261326578962,283.947369814859,263.766413132441,278.552250671094,236.248011318468,300.168786267963,284.151589345267,327.760932949139,478.221945153135,182.397020131722,321.292231856863,307.573267382044,276.943630654966,290.923293648046,176.87272874017,325.729139192953,321.704051566844,278.521642455605,269.596964142083,276.943630654966,298.318901863917,144.354907227791,290.605220996923,196.75902282503,277.347479274401,173.085974956003,164.858292317607,284.478758452363,322.588405774779,282.151013637204,185.151312256416,268.397395245864,307.573267382044,276.886724312792,309.127964236619,152.592592779601,198.477540112134,176.87272874017,187.972213752039,336.079767048154,471.800469631576,114.85395827102,322.367666374247,282.151013637204,277.412625879011,228.649441709449,315.6524341866,284.507175315435,263.114152298514,280.370371235351,288.554779723387,218.613169735975,324.267569220531,306.010310297334,301.390460302852,234.076788331661,87.694564953619,306.010310297334,276.886724312792,322.588405774779,276.828754571861,321.704051566844,278.521642455605,275.412610726017,324.378064231835,114.85395827102,277.347479274401,321.704051566844,308.028204267544,277.412625879011,396.82343119788,469.482792877095,173.085974956003,141.692175372963,321.704051566844,278.082252712495,154.507205717212,318.208082120855,152.592592779601,309.127964236619,243.830686197037,256.292053112256,237.724235273073,151.60006134996,464.610813170283,278.552250671094,280.321915101179,278.552250671094,279.579008663663,299.242093966273,293.409873038292,133.244266623959,297.746331090143,173.085974956003,278.692365341337,295.929857390181,202.97601940247,290.923293648046,274.340835023786,314.81288882694,336.079767048154,475.014146977062,278.552250671094,298.318901863917,97.1409555722561,258.588703361365,237.724235273073
564.106464096196,57.6275120512527,453.123950206995,82.6290619619815,49.4490723992838,336.15132218723,31.0893504371167,37.1935282393596,325.893332998727,49.4490723992838,329.285204241009,336.524781557599,314.303900065964,332.450319049587,566.383616541747,503.477207103395,364.512223201389,353.766397779176,564.24338041946,239.259373304906,345.417865007524,52.7131362958099,556.571411714984,41.3036828710764,226.922708997223,108.464068699433,168.042851623838,372.978500640044,0,62.43975372044,483.543741754183,159.186119914194,451.852496713141,367.659003193434,41.3036828710764,325.893332998727,335.377542501829,444.046809210552,322.640898162521,324.846535557445,75.8896911596145,194.885191190529,31.0893504371167,174.494147529465,282.252660546572,449.519100684383,55.0718788111585,55.0718788111585,388.880884278125,444.046809210552,172.817743452685,377.023883972479,31.0893504371167,185.612404335502,317.4805357574,469.458587417484,345.164973111873,49.4490723992838,185.222463906352,37.1935282393596,566.240716280287,404.846421826703,567.874415200058,325.640032621998,336.079767048154,331.505821058368,331.050461161901,316.250823584309,336.079767048154,0,330.630316407847,462.856185911732,348.387075357134,311.765506495644,165.944385849391,447.94845036989,321.061756667203,69.0982084768391,176.33656680125,453.123950206995,341.097315717259,44.4943606158593,329.285204241009,86.8547192436488,204.287245953883,174.369877918165,374.692927864126,161.749648917817,208.830556162619,454.558818454321,571.352355433406,320.298046489435,427.657808154532,41.6261724592579,172.068737126226,68.4210339009935,311.258109370992,448.458031518906,444.046809210552,162.804317196413,124.259305745336,172.068737126226,52.7131362958097,331.505821058368,176.33656680125,298.253004676842,167.866033792156,316.163160610036,321.061756667203,132.459531833937,23.601742804488,119.013586548755,333.824252267268,165.310121617967,41.6261724592579,194.885191190529,43.2646279616094,325.893332998727,328.895589954013,311.258109370992,302.895329713385,0,567.608354254335,333.798362924553,446.024816642343,119.013586548755,169.259218716193,370.316596033019,210.730676141263,116.762524497262,174.087988905194,124.847685283158,72.1047568775681,269.072570499816,447.94845036989,54.3340347360642,55.0718788111583,348.387075357134,335.377542501829,54.3340347360642,194.885191190529,23.601742804488,165.944385849391,444.046809210552,162.804317196413,121.707807034193,446.545146696777,333.798362924553,167.866033792156,444.046809210552,69.0982084768391,169.259218716193,521.050752960811,562.399110358459,316.163160610036,330.662005314904,444.046809210552,168.599254818191,324.189490693593,37.3293362562913,325.893332998727,43.2646279616094,371.733930085722,184.039486549923,376.221555872919,327.708105463658,553.559888042994,174.369877918165,165.158899186176,174.369877918165,165.393409913912,52.4442399280085,62.43975372044,332.877389987134,407.752646388693,316.163160610036,175.823486126747,59.7649991574815,341.258597026006,68.4210339009935,399.088166603166,39.9470000469325,0,564.685412745763,174.369877918165,52.7131362958097,337.125973660335,176.649897826251,376.221555872919
470.719688242013,296.299122497229,320.568241493679,278.594766352818,296.056725382655,225.325312915171,311.361263068935,306.441339021156,194.218960737267,296.056725382655,196.800890160514,211.083946022879,184.608388642595,195.672353182209,471.717016533202,370.538675356746,257.489132401583,175.483151001807,470.192901315909,249.224448571276,246.803164567484,292.870232802112,466.226984825873,302.016012560004,287.06521535054,277.259458939859,277.728181971444,215.278021290019,330.630316407847,287.960119066207,353.186263597723,255.676987804351,330.759227332119,216.530574312504,302.016012560004,194.218960737267,194.598396368022,324.649211549765,188.006242264202,183.78913994162,280.883720431975,272.35534105667,311.361263068935,259.412974611348,200.002558867241,317.002334118897,295.940198374422,295.940198374422,256.101484855621,324.649211549765,257.202334070255,232.791667580203,311.361263068935,250.164612823178,280.601588005663,338.799486121132,310.293055449415,296.056725382655,250.697181421074,306.441339021156,472.067142798346,307.048474989291,473.960404083845,190.161955335148,196.909463894374,201.840510707465,196.385523471294,187.870664279883,196.909463894374,330.630316407847,0,389.057349799006,250.380905796657,178.250411057033,271.828996051931,315.534850297363,192.794437945924,302.575902481638,285.573541832464,320.568241493679,212.13243139606,304.05075122552,196.800890160514,278.489018227114,258.167287754256,273.640284836114,228.924787532218,294.486438152132,279.780004511573,318.456339161331,477.014118580974,107.229754906046,326.54038581624,302.124031884662,272.016352245281,285.471948049882,147.536104028614,327.251285177946,324.649211549765,273.47085308737,264.285962868156,272.016352245281,292.870232802112,201.840510707465,285.573541832464,186.702381082832,272.366833982242,191.683857407798,192.794437945924,278.888147818149,317.138973419798,276.632521392537,217.526547462835,262.507391627755,302.124031884662,272.35534105667,303.679198475981,194.218960737267,94.7184768542043,147.536104028614,183.116373561725,330.630316407846,470.884081485506,198.549753679952,313.650769689376,276.632521392537,272.44837866074,221.097170058756,310.73454811928,278.981504801388,258.302246225361,274.820752063244,283.104084585189,205.811857751699,315.534850297363,300.560062647261,295.940198374422,250.380905796657,194.598396368022,300.560062647261,272.35534105667,317.138973419798,271.828996051931,324.649211549765,273.47085308737,270.028978557557,326.548778612209,198.549753679952,272.366833982242,324.649211549765,302.575902481638,272.44837866074,387.87221288267,468.523729372784,191.683857407798,186.749888120673,324.649211549765,273.103357259176,191.052980763183,312.759008809351,194.218960737267,303.679198475981,262.399503580066,250.805154840833,231.28525294553,184.261553560279,464.09931975503,273.640284836114,275.278451681679,273.640284836114,274.545954965062,293.793920611761,287.960119066207,201.125305425543,306.842467728491,191.683857407798,273.798818744888,290.479775208072,114.950005434463,285.471948049882,286.955996130511,309.363901573268,330.630316407846,474.589041045784,273.640284836114,292.870232802112,194.462781522193,253.152604797819,231.28525294553
495.291294900676,428.510976650594,447.615249247399,410.835552614745,428.276960136982,384.338979824485,443.586818815991,438.665195746633,383.761194130068,428.276960136982,385.185151195968,384.212149221457,378.907339152714,386.392238651252,497.847068260958,498.505096336694,397.88984313257,391.131040103627,497.758729017195,381.816067613795,386.52648014232,425.091545913708,483.078279465656,434.238984011483,408.535691134124,409.337116587987,407.189335532533,398.34395248864,462.856185911732,420.188552620165,475.511166919077,389.607358709183,445.624173728299,391.203409169253,434.238984011483,383.761194130068,387.354767234855,439.83571192633,382.441801361739,383.624450718279,413.108607725702,397.991499504277,443.586818815991,387.382840286416,383.737156593241,443.95624168785,428.171457096915,428.171457096915,408.079832905819,439.83571192633,385.671268086389,397.696742755484,443.586818815991,382.681729992121,386.50550008462,462.010812118072,368.290490528978,428.276960136982,383.996723937074,438.665195746633,500.41156282041,408.236790367009,501.892421410644,383.503991347979,387.083456996895,385.365334417636,385.973481704245,379.948741632102,387.083456996895,462.856185911732,389.057349799006,0,387.822171001692,378.872122368429,401.025376348777,442.237463669026,381.867476943495,434.819922864036,414.991341055213,447.615249247399,387.023599609632,436.27739722553,385.185151195968,410.773386197487,393.026132628858,402.20147074315,393.158879711701,428.154208650049,404.07859297185,454.425676966507,507.247970421571,378.10969197296,405.165804471123,434.348693584748,400.696050779798,417.71066590494,376.545663861396,443.385949809977,439.83571192633,403.025654019409,395.630882678466,400.696050779798,425.091545913708,385.365334417636,414.991341055213,378.650915322791,401.424510413474,379.919451450136,381.867476943495,412.001881174991,449.364739159175,409.30308791369,382.774714748561,397.586290611564,434.348693584748,397.991499504277,435.900923032052,383.761194130068,390.529425622924,376.545663861396,377.216137720067,462.856185911732,501.867939447534,386.739012892451,440.259285861863,409.30308791369,401.388421069979,393.215640268689,439.33352723889,411.690785612525,386.34792522193,407.688247926302,415.338946117202,378.766463416347,442.237463669026,432.791133358347,428.171457096915,387.822171001692,387.354767234855,432.791133358347,397.991499504277,449.364739159175,401.025376348777,439.83571192633,403.025654019409,401.851887320885,441.178412230567,386.739012892451,401.424510413474,439.83571192633,434.819922864036,401.388421069979,516.415306042664,494.899495972587,379.919451450136,386.514394570666,439.83571192633,402.146695815555,383.031213244975,444.982578508226,383.761194130068,435.900923032052,402.136129930781,384.333110550047,394.533986207187,385.49134943272,478.565578367465,402.20147074315,404.78070348661,402.20147074315,403.974788756637,426.012093413615,420.188552620165,385.772730265366,408.297414482764,379.919451450136,402.225083264973,422.710132788773,393.671055166319,417.71066590494,414.31915738661,441.586959255275,462.856185911732,488.181551813489,402.20147074315,425.091545913708,388.123948744166,386.016020077756,394.533986207187
481.935061932465,314.049849725426,357.716118308522,296.357230878344,313.811015444868,198.786791252477,329.117878887903,324.197215289504,228.836842347538,313.811015444868,229.703347164451,220.064460234564,227.389852440336,232.515019270581,483.029964914318,408.004249091951,198.11482821465,260.743744927774,481.983765146447,264.353100513255,103.23792737351,310.624956087559,476.177385969082,319.771497706772,300.944733823254,294.951596957616,294.369538796091,275.61648478541,348.387075357134,305.717772329863,387.864462101099,274.082298823858,347.723696584944,267.734723842003,319.771497706772,228.836842347538,235.24593261311,337.47166292679,229.842271479827,233.025042129565,298.639643621566,287.591475115824,329.117878887903,275.428599714679,246.8554567268,354.116653467984,313.699157397597,313.699157397597,278.514728841359,337.47166292679,273.378545776904,274.27483568851,329.117878887903,267.655674500356,277.613888806463,373.595793188029,309.406595947972,313.811015444868,268.543421577386,324.197215289504,484.015572353324,280.706565449519,485.845200216653,230.348435086211,234.076788331661,227.262515481205,231.270428139826,227.332253403004,234.076788331661,348.387075357134,250.380905796657,387.822171001692,0,230.133775502091,288.366561119915,352.571600261345,227.165440814012,320.340289611835,302.198271957075,357.716118308523,226.26816463724,321.807803587676,229.703347164451,296.269827608714,276.508835212012,289.936086233657,273.918420258419,312.862003026157,294.56467929306,358.069857540224,489.348513528224,238.38285758152,321.480956478782,319.880236801439,288.354885971253,303.233879652888,232.950298692353,343.721960418972,337.47166292679,290.148115429532,281.672353959086,288.354885971253,310.624956087559,227.262515481205,302.198271957075,234.053689023916,288.851731885843,225.844973287897,227.165440814012,297.021612210042,334.895685150253,294.574760125574,207.791277766494,281.454497087819,319.880236801439,287.591475115824,321.434154257996,228.836842347538,251.137537233112,232.950298692353,230.02568430439,348.387075357134,482.793589339142,231.771043975206,350.651356768585,294.574760125574,288.888195642481,269.602637728733,327.046298046871,296.94207946806,274.336975694428,292.846247389688,300.864311645521,243.919761544956,352.571600261345,318.318970481168,313.699157397597,0,235.24593261311,318.318970481168,287.591475115824,334.895685150253,288.366561119915,337.47166292679,290.148115429532,287.611397977092,341.106123878137,231.771043975206,288.851731885843,337.47166292679,320.340289611835,288.888195642481,425.535948053011,480.07136863741,225.844973287897,236.214783268697,337.47166292679,289.5833100144,229.305197515608,330.51477260134,228.836842347538,321.434154257996,217.709733560085,268.772539092488,275.009360481765,235.435441466304,473.661174361832,289.936086233657,291.935573165905,289.936086233657,291.174557956762,311.547320005333,305.717772329862,228.640368229236,286.595333669691,225.844973287897,290.043776121946,308.238285269263,256.831913860662,303.233879652888,270.760143876842,327.119439849725,348.387075357134,483.982752250136,289.936086233657,310.624956087559,236.94882172998,270.946735137686,275.009360481765
466.661431782153,277.434185897869,329.415511050072,259.729743768382,277.191842637952,201.038957095197,292.496446206614,287.576502326948,154.577762092557,277.191842637952,162.641547613549,189.063030702067,113.855366498035,167.677566995212,467.859090132767,379.535325968159,240.596183123196,208.805288806128,466.387324077031,229.493929684782,225.973087033602,274.00534470346,461.399210056713,283.151162878445,268.369333969098,258.39303848807,258.870174938363,234.524511924532,311.765506495644,269.095228295041,360.877505524891,236.787352386796,331.233234750155,230.411391767692,283.151162878445,154.577762092557,173.117706158465,323.627695141936,141.613250946247,144.864798345151,262.018702042112,253.552053664766,292.496446206614,240.552884697309,183.47940809846,325.833740621608,277.07537705015,277.07537705015,256.968140178327,323.627695141936,238.327674173976,241.921247123968,292.496446206614,231.158218087265,261.273434426761,346.548275027097,294.391523657431,277.191842637952,231.697020085297,287.576502326948,468.322989136863,295.24641044412,470.163250587642,151.121669766642,176.115345695202,171.667059413776,165.218875443537,125.831859905402,176.115345695202,311.765506495644,178.250411057033,378.872122368429,230.133775502091,0,252.972764845156,324.330236751492,144.205579988619,283.711162872011,266.715945336759,329.415511050072,193.294503337735,285.185927943597,162.641547613549,259.624174498852,239.099854833792,254.790644512986,240.332000710734,275.632379126793,261.00716997136,328.435675327159,473.402411342722,164.494150252775,319.292445249894,283.259193812519,253.164742307974,266.607075285464,141.157486282214,327.540707257884,323.627695141936,254.611956241949,245.417674509493,253.164742307974,274.00534470346,171.667059413776,266.715945336759,151.622674716374,253.512083253995,135.749301283462,144.205579988619,260.028034538909,298.274161260184,257.768641370904,192.761183552864,243.643346189201,283.259193812519,253.552053664766,284.814340959652,154.577762092557,176.513611093335,141.157486282214,131.964142970873,311.765506495644,467.470789502415,171.927527356599,322.428904437673,257.768641370904,253.594750846059,233.551382028482,291.884993892635,260.118746198105,239.43837438581,255.957722648569,264.239157003539,186.857615124286,324.330236751492,281.695254709,277.07537705015,230.133775502091,173.117706158465,281.695254709,253.552053664766,298.274161260184,252.972764845156,323.627695141936,254.611956241949,251.160523063512,326.144331274836,171.927527356599,253.512083253995,323.627695141936,283.711162872011,253.594750846059,396.961956465949,464.625484651525,135.749301283462,159.278313265965,323.627695141936,254.248917817456,148.258204625249,293.89417467755,154.577762092557,284.814340959652,247.200934553852,231.813277171309,242.037766994012,150.952515424231,459.041841050497,254.790644512986,256.420056585565,254.790644512986,255.688135713888,274.929017914426,269.09522829504,173.285831832335,296.424126982659,135.749301283462,254.950736769406,271.614915420102,190.123690889825,266.607075285464,277.59242629799,290.499060288119,311.765506495644,469.571772484417,254.790644512986,274.00534470346,176.194257837852,234.201248385231,242.037766994012
502.784575099474,131.458937126955,392.938031854171,114.207793872512,131.316777656687,276.539696742502,146.673210378528,141.735426777416,266.771894464339,131.316777656687,270.113327210894,277.077542265335,255.386383240539,273.25800414038,505.116223406333,443.300999454793,304.538993881091,294.41505590236,502.936076690438,178.645847003515,285.443228865264,128.148410422969,495.146625992096,137.302364357369,150.354788628341,111.305310981079,55.6687470906049,313.354365763083,165.944385849391,123.340688623251,423.308074951799,116.794544303397,391.56283199659,307.971614021455,137.302364357369,266.771894464339,276.162177110965,383.759782200749,263.601999426935,265.821307304737,116.270279851414,109.992614229638,146.673210378528,95.9731357523506,224.975644802289,389.332185100575,131.334217651417,131.334217651417,328.999209316626,383.759782200749,99.2999575525536,317.251893368327,146.673210378528,128.213884091465,255.553125725938,409.232715281018,281.722238464919,131.316777656687,129.509285523096,141.735426777416,504.934732015563,344.308063977292,506.558359811519,266.54856784795,276.828754571861,272.253536906352,271.868747594504,257.289697430969,276.828754571861,165.944385849391,271.828996051931,401.025376348777,288.366561119915,252.972764845156,0,387.758955442002,262.002186242716,138.119227616357,63.0799298798261,392.938031854171,281.643511650261,139.380779447269,270.113327210894,114.631391074705,148.644197808675,62.1441687477461,314.901711618705,144.670370956816,127.798063214181,394.464988577032,510.043156538243,261.452263986246,366.959669018448,137.430742923288,60.2261165499096,120.988824281163,252.557996133123,388.181476432871,383.759782200749,53.2134191445941,88.9893286097051,60.2261165499096,128.148410422969,272.253536906352,63.0799298798261,239.871310000001,36.8369742467419,257.167939622124,262.002186242716,124.105158480002,152.452304172805,117.535364083395,274.304691197386,127.579050507518,137.430742923288,109.992614229638,138.950077896621,266.771894464339,270.187054377437,252.557996133123,244.290315202936,165.944385849391,506.416794593542,274.567886850227,385.834285735755,117.535364083395,45.3760033519377,310.608406311364,97.1370746733741,120.008234156254,97.1584702556045,117.889839690709,118.590241419847,212.048775431139,387.758955442002,135.947163126207,131.334217651417,288.366561119915,276.162177110965,135.947163126207,109.992614229638,152.452304172805,0,383.759782200749,53.2134191445941,101.824190741735,386.252854240227,274.567886850227,36.8369742467419,383.759782200749,138.119227616357,45.3760033519377,460.880622585869,501.090395352612,257.167939622124,271.569809667347,383.759782200749,43.7354249532936,265.109299337069,148.047112043915,266.771894464339,138.950077896621,311.746288292325,129.067732892683,316.422607160265,268.668240051961,492.105906863817,62.1441687477461,53.8475888445185,62.1441687477461,50.3688541877532,129.032553481423,123.340688623251,273.617436016326,347.244916851576,257.167939622124,66.1887431159503,125.875066089344,282.291802220762,120.988824281163,338.923977737337,144.647425907547,165.944385849391,503.264581038543,62.1441687477461,128.148410422969,277.898401129087,122.594916854964,316.422607160265
474.966772965975,413.610761465096,44.9285100862941,395.919688910745,413.37224060198,337.678339958634,428.679250263922,423.758537497638,327.243832952718,413.37224060198,327.63792348292,327.5217970081,324.972597248205,326.175004185889,475.615911227717,116.544948211814,355.026408701714,290.540974128854,471.669196842782,366.112379217919,350.363974862642,410.186242422333,476.484429030553,419.332799039563,399.540955661121,394.508731662871,393.778920491333,279.116401104504,447.94845036989,405.279405488227,251.127880477926,373.769360788307,361.95283646589,278.466137637062,419.332799039563,327.243832952718,324.370163370086,365.777623414824,325.457883567434,324.032386117145,398.201327169347,386.679650769506,428.679250263922,374.775449093651,343.169784355612,40.369615422327,413.26080960385,413.26080960385,324.47813962994,365.777623414824,372.785425365049,291.341495854634,428.679250263922,367.537198171057,383.805063356759,245.957344606664,397.204942902524,413.37224060198,368.436677965451,423.758537497638,472.764504785757,383.328544414025,474.956421430263,325.497739066311,324.267569220531,328.367117665483,327.103570286964,326.261848995496,324.267569220531,447.94845036989,315.534850297363,442.237463669026,352.571600261345,324.330236751492,387.758955442002,0,327.545654695541,419.902417176389,401.604576203356,44.928510086294,327.419316403747,421.369238089769,327.63792348292,395.834069317782,376.592765031322,389.281919608582,274.966732545167,412.472850480834,393.508052157295,231.822954832345,475.770156535557,305.658826502175,380.578476368205,419.44160032148,387.711319101887,402.795975479763,314.760475376622,361.093792915128,365.777623414824,389.564151604511,381.197328109757,387.711319101887,410.186242422333,328.367117665483,401.604576203356,331.63086928157,388.23385781151,327.649706722092,327.545654695541,396.61696818114,434.457058865042,394.155758633902,332.351371889767,381.142630991621,419.44160032148,386.679650769506,420.99540839669,327.243832952718,320.457158812428,314.760475376622,327.659363251078,447.94845036989,472.364333248246,326.736873684668,28.7953115961236,394.155758633902,388.261945999274,282.356624261125,426.393632400372,396.522987280093,373.697196790617,392.435038127319,400.426316672494,342.781791999557,0,417.880591764605,413.26080960385,352.571600261345,324.370163370086,417.880591764605,386.679650769506,434.457058865042,387.758955442002,365.777623414824,389.564151604511,387.160112495538,363.461486489859,326.736873684668,388.23385781151,365.777623414824,419.902417176389,388.261945999274,146.887525070904,471.189494038072,327.649706722092,324.499371968658,365.777623414824,388.963972979265,326.269162593299,430.076076234102,327.243832952718,420.99540839669,356.988897970176,368.65548472623,278.353327143615,324.646038823286,476.209715091359,389.281919608582,391.347869576597,389.281919608582,390.581933705859,411.108479651712,405.279405488227,327.406055144644,379.133574215467,327.649706722092,389.379310827907,407.799958347675,313.061871236049,402.795975479763,365.291851845388,426.680730827834,447.94845036989,487.269538244457,389.281919608582,410.186242422333,323.717288815193,370.718264885984,278.353327143615
469.567606740786,286.729135850998,332.633411036237,269.02726586112,286.48756330419,192.480354613203,301.792666036195,296.87256330849,113.586612488497,286.48756330419,133.76760782635,176.58368775433,121.868414030097,150.285837660805,470.705313048199,382.764195480201,236.856121979085,215.46151202656,469.306622658028,238.289788032191,222.685538208138,283.30116059518,464.360242044746,292.447140157579,276.800737885837,267.675380907913,267.922424662571,238.691655492653,321.061756667203,278.391684027656,363.912842265286,246.227899399743,332.666438425451,233.456252007374,292.447140157579,113.586612488497,162.635720118815,324.692806897499,111.637352975661,138.092275731181,271.314796108346,262.291825927999,301.792666036195,249.468950848822,199.428717719031,329.050220670477,286.37210892598,286.37210892598,257.0532343322,324.692806897499,247.280313583452,243.953299113678,301.792666036195,240.410222250086,266.56128244004,349.569811981196,299.288184955102,286.48756330419,241.02588004554,296.87256330849,471.249001752812,295.13772035798,473.09753984282,124.289508596868,164.858292317607,148.16717855707,142.805583117063,110.000773412923,164.858292317607,321.061756667203,192.794437945924,381.867476943495,227.165440814012,144.205579988619,262.002186242716,327.545654695541,0,293.009069116692,275.764524432132,332.633411036237,182.683552207864,294.482243878981,133.76760782635,268.925678189161,248.54249119981,263.766625382568,243.013485994139,285.062427227302,269.645023165713,331.65116328908,476.351940178243,178.963273271515,320.336476305509,292.555326689476,262.150257656423,275.90446257588,164.524175445761,328.888181999093,324.692806897499,263.672133046116,254.63353169907,262.150257656423,283.30116059518,148.16717855707,275.764524432132,173.893908987634,262.529857993418,110.62781157805,0,269.405949279329,307.570401416512,267.105263374106,181.552092158678,253.199697679685,292.555326689476,262.291825928,294.110203716509,113.586612488497,192.448702450827,164.524175445761,160.941992187816,321.061756667203,470.256068591953,154.421830359567,325.642348432478,267.105263374106,262.602572255369,236.286557416897,300.864441249427,269.459232250088,248.359018234971,265.312420118667,273.5361791236,200.899404254315,327.545654695541,290.991973675526,286.37210892598,227.165440814012,162.635720118815,290.991973675526,262.291825928,307.570401416512,262.002186242716,324.692806897499,263.672133046116,260.419159265897,327.374563313492,154.421830359567,262.529857993418,324.692806897499,293.009069116692,262.602572255369,400.19744342591,467.533645863205,110.62781157805,152.833572137256,324.692806897499,263.265580147612,108.76177367764,303.190210802663,113.586612488497,294.110203716509,243.735741818826,241.167818266534,244.57218973022,146.752314823765,462.017141878501,263.766625382568,265.475786492887,263.766625382568,264.737583566418,284.224546724499,278.391684027656,153.155904014693,296.363436263492,110.62781157805,263.915459961246,280.911554231419,202.137709626636,275.90446257588,276.245054648437,299.795048107841,321.061756667203,472.500826764293,263.766625382568,283.30116059518,168.097337490829,243.514299109141,244.57218973022
536.067141002324,42.0913721275582,425.077895790751,54.3813452537186,37.5317110714057,308.102038250499,49.7833040788345,45.5320336714701,297.841010214085,37.5317110714057,301.23318471627,308.474445703468,286.250337973029,304.398409290057,538.34397704767,475.431094855769,336.465095945749,325.715343865006,536.20396859639,211.219912253312,317.370805813203,34.5414010542324,528.532693830812,41.5716815876723,198.961299618819,80.7149437635746,140.252304507211,344.929098667047,69.0982084768391,34.2779214455086,455.497988890139,131.05235676683,423.8071159882,339.609993185764,41.5716815876723,297.841010214085,307.325759972066,416.001424174445,294.588063323961,296.793598795708,47.873433949648,166.955537970665,49.7833040788345,146.557847700376,254.188819129596,421.473052222182,28.4034294514449,28.4034294514449,360.833082140598,416.001424174445,144.866908048612,348.975393299773,49.7833040788345,157.567706934881,289.445593857189,441.412777055274,317.138168458793,37.5317110714057,157.167132519811,45.5320336714701,538.201295604698,376.802636127039,539.835053217145,297.587515320747,308.028204267544,303.454297651576,302.99849398351,288.197533657908,308.028204267544,69.0982084768391,302.575902481638,434.819922864036,320.340289611835,283.711162872011,138.119227616357,419.902417176389,293.009069116692,0,148.548242234795,425.077895790751,313.047004805686,41.0540661061493,301.23318471627,58.2003141564708,176.225641379843,146.514838797422,346.644542390414,133.246256079921,180.886968429924,426.512219998768,543.312950153885,292.243920005803,399.614907071087,40.6007890957169,144.213040517645,38.5949522316076,283.203127123077,420.412574903975,416.001424174445,135.011752583341,96.5688030366314,144.213040517645,34.5414010542322,303.454297651576,148.548242234795,270.196169417887,140.036237600055,288.110093770737,293.009069116692,103.784816668777,55.584705628595,90.3746108260353,305.774390434211,137.112484394634,40.6007890957169,166.955537970665,43.9276037830848,297.841010214085,300.840606072185,283.203127123077,274.839865098393,69.098208476839,539.568270914241,305.746688611752,417.978789660949,90.3746108260353,141.42263188284,342.267714302405,182.881643132666,87.8685381104478,146.146519372385,96.2390019302927,43.4115219330831,241.007277445464,419.902417176389,32.4285267034704,28.4034294514448,320.340289611835,307.325759972066,32.4285267034704,166.955537970665,55.584705628595,138.119227616357,416.001424174445,135.011752583341,93.9124529425681,418.499788061936,305.746688611752,140.036237600055,416.001424174445,0,141.42263188284,493.004604533545,534.3597085446,288.110093770737,302.609468561918,416.001424174445,140.771483670556,296.136912224608,51.9343314083869,297.841010214085,43.9276037830848,343.68687216272,155.97983316172,348.173218818445,299.655251653092,525.521342207494,146.514838797422,137.367434720387,146.514838797422,137.594711115313,36.8712742600065,34.2779214455084,304.82590537752,379.708659425895,288.110093770737,147.962882650245,30.9284897117506,313.205197002215,38.5949522316076,371.042118569657,48.806056224343,69.098208476839,536.646676342258,146.514838797422,34.5414010542322,309.074259400276,148.592466758112,348.173218818445
516.713400819651,141.835564159771,406.783389985613,124.686105552965,141.707850646628,290.341809533375,157.065775592705,152.125965704033,280.538790847078,141.707850646628,283.883904100246,290.868042787621,269.138479221553,287.030151615665,519.041006586772,457.145645798021,318.367598032825,308.199412832305,516.86384399437,192.49803940331,299.271577500819,138.545285044716,509.083039318162,147.693382242649,165.470494540227,121.753553985694,33.4777038549437,327.158555118724,176.33656680125,133.759701121419,437.157047784075,129.255712502827,405.415460775642,321.780348286673,147.693382242649,280.538790847078,289.93607517181,397.612149462543,277.362968275053,279.58139794394,126.71335093747,125.781536008651,157.065775592705,111.264678845997,238.610546045963,403.177616236545,141.744959704169,141.744959704169,342.821880344322,397.612149462543,114.061611617651,331.066736112864,157.065775592705,141.741220461243,269.521750393026,423.080965170523,295.807228955416,141.707850646628,142.917881921158,152.125965704033,518.862408351503,358.178242351415,520.486781918556,280.313363479531,290.605220996923,286.029904544823,285.640083309227,271.044915366679,290.605220996923,176.33656680125,285.573541832464,414.991341055213,302.198271957075,266.715945336759,63.0799298798261,401.604576203356,275.764524432132,148.548242234795,0,406.783389985613,295.43457879063,149.778703545409,283.883904100246,125.16267857463,162.085316246594,79.9128082334586,328.718019602707,156.188394088814,143.276658357355,408.303570108701,523.971090208756,275.199931802134,380.841960693192,147.825167276359,80.6098653012278,131.429101831524,266.294912621465,402.033131162623,397.612149462543,48.301932081919,98.810182747719,80.6098653012278,138.545285044716,286.029904544823,0,253.584616657068,63.169570613178,270.925536063978,275.764524432132,135.349429428478,162.844573202484,128.516540406808,288.100232774085,139.893508194114,147.825167276359,125.781536008652,149.338135830466,280.538790847078,283.924903136257,266.294912621465,258.019749611768,176.33656680125,520.335973106376,288.342782647045,399.679982175655,128.516540406808,67.3824135876592,324.418638871888,111.449510887866,130.961722183536,112.281747891407,129.029333388317,129.034456128743,225.6647602558,401.604576203356,146.355142768283,141.744959704169,302.198271957075,289.936075171811,146.355142768283,125.781536008652,162.844573202484,63.0799298798263,397.612149462543,48.301932081919,112.290290434709,400.105637130201,288.342782647045,63.169570613178,397.612149462543,148.548242234795,67.3824135876592,474.724823389142,515.01825680691,270.925536063978,285.33480279288,397.612149462543,60.330869327942,278.873232360448,158.434676020617,280.538790847078,149.338135830466,325.576048164717,142.421867318507,330.239467723807,282.429429331954,506.044471183939,79.9128082334586,41.3361107963712,79.9128082334586,42.8536813898195,139.422780156256,133.759701121419,287.394407501871,361.112962648974,270.925536063978,83.47990280834,136.291539625933,296.048306965845,131.429101831524,352.766929512814,155.03522287227,176.33656680125,517.200675270979,79.9128082334586,138.545285044716,291.673220877691,135.832584198427,330.239467723807
480.643303762852,418.78627759228,0,401.095170927722,418.547746958452,342.792192206757,433.854750460157,428.934039662841,332.326593518196,418.547746958452,332.718646623954,332.609817532146,330.060190743853,331.248973342602,481.282075943308,94.9759767137225,360.159727784155,295.482125583944,477.36982837426,371.285904910707,355.505620454918,415.361747504504,482.126313245419,424.508302226842,404.729463714506,399.684403260299,398.957682561645,283.99059032848,453.123950206995,410.454902202716,256.700175471601,378.942824116582,367.142801637791,283.386383617104,424.508302226842,332.326593518196,329.436988959423,370.957783292531,330.538528578614,329.105906002487,403.376827869449,391.863016579185,433.854750460157,379.955953965075,348.288368445431,25.7060041608089,418.4363030955,418.4363030955,329.533316185764,370.957783292531,377.965315470629,296.307018604753,433.854750460157,372.712122432042,389.005298237515,251.394681119445,402.46749809927,418.547746958452,373.610703352067,428.934039662841,478.472780186993,388.525722875903,480.664231803662,330.576245813002,329.335515528882,333.450443885756,332.180963597526,331.350394620948,329.335515528882,453.123950206995,320.568241493679,447.615249247399,357.716118308523,329.415511050072,392.938031854171,44.928510086294,332.633411036237,425.077895790751,406.783389985613,0,332.500425041401,426.544736996537,332.718646623954,401.009500395822,381.764874707273,394.461754853904,279.887482914434,417.646672504986,398.693056350657,236.245254739587,481.499449686637,310.694098552767,385.836649992992,424.617101539016,392.891011181185,407.971460139709,319.825826358761,366.275378189375,370.957783292531,394.74280196938,386.373857863571,392.891011181185,415.361747504504,333.450443885756,406.783389985613,336.734094455895,393.413100009868,332.742118231861,332.633411036237,401.791432085149,439.632558820994,399.33073752673,337.455341154507,386.314786707547,424.617101539016,391.863016579185,426.170913038116,332.326593518196,325.500784926656,319.825826358761,332.756719755434,453.123950206995,478.033115228745,331.81203179355,48.7562840135627,399.33073752673,393.441328526969,287.289784842598,431.573423594602,401.697922279935,378.877604768808,397.609787031095,405.601805785108,347.910820783272,44.9285100862941,423.05608549514,418.4363030955,357.716118308522,329.436988959423,423.05608549514,391.863016579185,439.632558820994,392.938031854171,370.957783292531,394.74280196938,392.336080254575,368.647113759688,331.81203179355,393.413100009868,370.957783292531,425.077895790751,393.441328526969,129.959660238196,476.878447263183,332.742118231861,329.567008186699,370.957783292531,394.14323264569,331.350819480397,435.251578740315,332.326593518196,426.170913038116,362.120300102761,373.829257880364,283.285604066597,329.716283694104,481.840226395649,394.461754853904,396.526582628157,394.461754853904,395.760734092664,416.283988402688,410.454902202716,332.485995567224,384.33158567561,332.742118231861,394.55930759053,412.975452845146,318.072870089029,407.971460139709,370.436921195811,431.856233925666,453.123950206995,492.888393168978,394.461754853904,415.361747504504,328.780381001144,375.892877830078,283.285604066597
472.31734580652,306.762861447168,332.500425041401,289.064777351105,306.522385522687,185.061756703668,321.828184125734,316.907859321553,176.672742260297,306.522385522687,171.55397222708,117.253251081958,188.371656557251,168.837911946185,473.228457950732,382.623345245972,226.837395649743,220.896813165758,472.011434861456,258.172853997092,221.977808615579,303.336123961019,467.502828041337,312.482320399329,295.47073281161,287.69149527946,287.598074547127,238.926189519845,341.097315717259,298.427579754214,363.528086413175,266.48613013683,328.960886944357,231.019500917496,312.482320399329,176.672742260297,168.849488450704,320.198967595656,181.944260314594,183.442136861067,291.350226684602,281.478649431145,321.828184125734,268.947932085403,226.674058048388,328.917331114328,306.408374035288,306.408374035288,247.031539475367,320.198967595656,266.821555570647,239.019825827412,321.828184125734,260.46518869938,281.159955631335,349.1194834097,310.888183337349,306.522385522687,261.187402991953,316.907859321553,473.952455766958,292.719871334463,475.839964531845,177.977701378487,162.758098095036,161.403362682311,170.06638774946,187.473432410898,162.758098095036,341.097315717259,212.13243139606,387.023599609632,226.26816463724,193.294503337735,281.643511650261,327.419316403747,182.683552207864,313.047004805686,295.43457879063,332.500425041401,0,314.517904800015,171.553972227079,288.96889785943,268.906923297452,283.326102782935,239.964937108753,305.287217058365,288.664333999461,331.186241195192,479.076559611676,198.754504690008,318.806176816715,312.590728032867,281.724831832646,295.94170519184,194.852124564385,324.923621818803,320.198967595656,283.35986898259,274.553740544247,281.724831832646,303.336123961019,161.403362682311,295.43457879063,208.230370757789,282.153318927802,187.557209886279,182.683552207864,289.557959128255,327.605946922487,287.199097156772,166.338799989951,273.611399604051,312.590728032867,281.478649431145,314.145220871991,176.672742260297,213.829687245809,194.852124564385,200.74509934558,341.097315717259,472.468704410957,163.312765029137,325.514894522079,287.199097156772,282.210853654336,233.08020016252,320.428906783089,289.558146146075,267.847033951063,285.432102943034,293.572916532053,226.967611173483,327.419316403747,311.028213884572,306.408374035288,226.26816463724,168.849488450704,311.028213884572,281.478649431145,327.605946922487,281.643511650261,320.198967595656,283.35986898259,280.401818068079,323.255356732656,163.312765029137,282.153318927802,320.198967595656,313.047004805686,282.210853654336,400.051067896165,470.237817017156,187.557209886279,181.412252021272,320.198967595656,282.887229799472,179.388641643582,323.22546934468,176.672742260297,314.145220871991,231.880850472205,261.36125996457,241.155042024623,184.411527927306,465.271497560662,283.326102782935,285.156740903634,283.326102782935,284.409038589914,304.259099090092,298.427579754214,158.052703725511,293.046755978001,187.557209886279,283.457589485863,300.947701783118,217.409158336604,295.94170519184,266.923024413657,319.830239682236,341.097315717259,475.620617531025,283.326102782935,303.336123961019,170.346672648612,263.624013939786,241.155042024623
537.52754499877,32.6233616284546,426.544736996537,55.9498709389044,24.2338388729089,309.571946998959,24.7407771423653,22.634315581268,299.313836858261,24.2338388729089,302.705721215228,309.94536795496,287.724351727263,305.870842290652,539.804683010454,476.897991392962,337.932942526961,327.18697000465,537.664457634261,212.68010340762,318.838581236476,26.1974484875652,529.992519530956,20.8652058460696,200.347990443102,81.8727763259929,141.484116646255,346.399141875583,44.4943606158593,35.4907481490099,456.964540822661,132.598690382751,425.273306474101,341.079659680275,20.8652058460696,299.313836858261,308.79807255814,417.467617608005,296.06138171064,298.267017054522,49.1995249470626,168.312687345187,24.7407771423653,147.920486373071,255.672710198903,422.939887728729,26.3540086961364,26.3540086961364,362.301587729989,417.467617608005,146.242801091935,350.444561323341,24.7407771423653,159.031826713184,290.901743543053,442.879383896117,318.586609315116,24.2338388729089,158.641267364848,22.634315581268,539.661793196401,378.267289722862,541.295494772204,299.060529744818,309.50030594542,304.92635800108,304.470981187615,289.671285884731,309.50030594542,44.4943606158593,304.05075122552,436.27739722553,321.807803587676,285.185927943597,139.380779447269,421.369238089769,294.482243878981,41.0540661061493,149.778703545409,426.544736996537,314.517904800015,0,302.705721215228,60.1543056057316,177.706113835263,147.803668598238,348.113610885924,135.14226785188,182.257043641332,427.979581035664,544.773433335984,293.718490744039,401.078721063049,16.3259281936553,145.502238407035,41.5010477629599,284.678513507709,421.878837755777,417.467617608005,136.244385119786,97.6933467612876,145.502238407035,26.1974484875655,304.92635800108,149.778703545409,271.673319102083,141.302217577502,289.583630455591,294.482243878981,105.835294992125,30.8829221146291,92.3761207792763,307.244854790257,138.720719124819,16.3259281936553,168.312687345187,24.749400910487,299.313836858261,302.316001671315,284.678513507709,276.315701075289,44.4943606158597,541.029400789914,307.218895629306,419.445604623425,92.3761207792763,142.694739640382,343.737257600602,184.165205696024,90.1118350851679,147.513904516934,98.2198094189126,45.3247963795548,242.492539971975,421.369238089769,23.6204666142428,26.3540086961366,321.807803587676,308.79807255814,23.6204666142428,168.312687345187,30.8829221146291,139.380779447269,417.467617608005,136.244385119786,95.1282694921303,419.965956752531,307.218895629306,141.302217577502,417.467617608005,41.0540661061496,142.694739640382,494.471535684098,535.820187869129,289.583630455591,304.082504433466,417.467617608005,142.035812631162,297.609984387675,29.2131655001045,299.313836858261,24.749400910487,345.154654146344,157.458008753276,349.642240729685,301.128591162142,526.981003482869,147.803668598238,138.599622113961,147.803668598238,138.833233867251,26.8124152935439,35.4907481490101,306.297929441594,381.173507330727,289.583630455591,149.256774746438,32.5151351711903,314.679073058964,41.5010477629599,372.508939096965,27.0273045532863,44.4943606158597,538.106519325912,147.803668598238,26.1974484875655,310.54650725954,150.068045466753,349.642240729685
471.641107572169,294.952073036492,332.718646623954,277.251281027632,294.710807271172,192.765707591981,310.016102490068,305.095938245835,95.65405035827,294.710807271172,0,166.470879162481,151.999833809424,113.855297613363,472.697957410974,382.833585941152,237.034277015071,215.297174519676,471.343626351206,246.537296445109,225.281827022418,291.52444489876,466.614473270241,300.670483211488,284.624541855068,275.893436331079,276.043419954481,237.773517741539,329.285204241009,286.615232497514,364.011558967814,254.516166472658,332.507853586622,232.028911437869,300.670483211488,95.65405035827,141.725384801522,324.482646750987,128.093091038519,138.372417075105,279.538221767387,270.270231411792,310.016102490068,257.534429366055,209.446939274815,329.136843837539,294.595757183368,294.595757183368,254.982943586963,324.482646750987,255.364532242094,242.266813260923,310.016102490068,248.649805163664,273.289142255309,349.642093022857,304.895135311179,294.710807271172,249.29510137749,305.095938245835,473.279742042176,296.65223542731,475.143969846974,111.187339612449,143.261326578962,114.800378046273,87.7962021381264,148.823862447652,143.261326578962,329.285204241009,196.800890160514,385.185151195968,229.703347164451,162.641547613549,270.113327210894,327.63792348292,133.76760782635,301.23318471627,283.883904100246,332.718646623954,171.553972227079,302.705721215228,0,277.151297061497,256.874138845613,271.854089177035,241.759670787416,293.338687183515,277.573660751756,331.515361947961,478.375749183101,182.628981318187,321.594328914584,300.778731547455,270.242146297532,284.128391134918,172.130095899978,328.677202181213,324.482646750987,271.79661823663,262.824560700093,270.242146297532,291.52444489876,114.800378046272,283.883904100246,186.89849380662,270.635827910991,150.863983989184,133.76760782635,277.662033883808,315.793845309777,275.345144236701,179.045200885988,261.52949397067,300.778731547455,270.270231411792,302.333501131966,95.6540503582698,197.315150039747,172.130095899978,176.474965437131,329.285204241009,472.121437988791,118.641218337821,325.735629108783,275.345144236701,270.704158581676,234.748480529902,308.95331065553,277.700473053053,256.427344468475,273.559558124332,281.759968456266,210.79726380381,327.63792348292,299.215613965318,294.595757183368,229.703347164451,141.725384801522,299.215613965318,270.270231411792,315.793845309777,270.113327210894,324.482646750987,271.79661823663,268.627887326916,327.198079378562,118.641218337821,270.635827910991,324.482646750987,301.23318471627,270.704158581676,400.256705344269,469.579375120485,150.863983989184,141.54150665523,324.482646750987,271.371013486647,115.078676371731,311.413574948815,95.6540503582698,302.333501131966,243.372692620966,249.445431378069,243.265024813497,142.799435878579,464.32382032494,271.854089177035,273.598313303013,271.854089177035,272.857376742039,292.447715666065,286.615232497514,118.631739379998,297.508127197955,150.863983989184,271.997892985792,289.135171855731,204.687119928659,284.128391134918,275.808664239954,308.018393786531,329.285204241009,474.767178253254,271.854089177035,291.52444489876,151.100914036636,251.765180885513,243.265024813497
512.013810255437,52.7900089129443,401.009500395822,25.192479608344,52.2420989725824,284.026080757444,67.5678570214935,62.6442502429335,273.758446489312,52.2420989725824,277.151297061497,284.396257218459,262.165034073264,280.316790795566,514.289928306532,451.362570473396,312.393967696519,301.635825100749,512.150442365855,187.160556994403,293.299731193069,48.9269385906016,504.480725127272,58.2059353216441,175.095266676853,56.1049321156534,116.862370598308,320.853224820579,86.8547192436488,43.1939633687547,431.430254177363,106.70848899529,399.740124397604,315.534966338124,58.2059353216441,273.758446489312,283.244446238071,391.934403930561,270.504387559044,272.709733655999,33.1990842814618,143.17340251748,67.5678570214935,122.75010374019,230.08129530274,397.404670067029,51.7424508859482,51.7424508859482,336.760664336466,391.934403930561,121.016205723362,324.901499074527,67.5678570214935,133.477844316137,265.40100642168,417.34491244146,293.112987075387,52.2420989725824,133.050784311803,62.6442502429335,514.147750999348,352.739025930103,515.781641451729,273.504544896404,283.947369814859,279.373492118809,278.916735702306,264.112818261415,283.947369814859,86.8547192436488,278.489018227114,410.773386197487,296.269827608714,259.624174498852,114.631391074705,395.834069317782,268.925678189161,58.2003141564708,125.16267857463,401.009500395822,288.96889785943,60.1543056057316,277.151297061497,0,152.101478323073,122.940979541367,322.570900753485,108.263321344648,157.067533093105,402.442600386178,519.259445118255,268.157629348751,375.553379771598,58.2697830562365,120.636885784561,39.4859477518077,259.114879935231,396.345410132442,391.934403930561,111.618914007244,73.5178361891172,120.636885784561,48.9269385906018,279.373492118809,125.16267857463,246.103640315923,116.534764297459,264.025841852167,268.925678189161,78.4719574803783,73.3577684928977,64.0578696399481,281.697188177386,112.654925473415,58.2697830562365,143.17340251748,59.9062252782919,273.758446489312,276.752476011683,259.114879935231,250.750352692967,86.8547192436488,515.513220102845,281.665583476652,393.910455543817,64.0578696399481,117.901584701137,318.192966056521,159.325102950118,61.7179153020946,122.32395428928,70.5553027851362,36.1253000311155,216.89624876428,395.834069317782,56.474788662439,51.7424508859482,296.269827608714,283.244446238071,56.474788662439,143.17340251748,73.3577684928977,114.631391074705,391.934403930561,111.618914007244,70.1668683197159,394.432835059982,281.665583476652,116.534764297459,391.934403930561,58.200314156471,117.901584701137,468.935999420452,510.306202407915,264.025841852167,278.526500329116,391.934403930561,117.275716067512,272.053792847487,68.988128207923,273.758446489312,59.9062252782919,319.615926711862,131.85218522201,324.099681017242,275.571581281455,501.469760263772,122.940979541367,113.976218341697,122.940979541367,114.182662128328,50.0050332466279,43.1939633687547,280.745199773015,355.644628841775,264.025841852167,124.373211389293,45.9497549457819,289.120531169361,39.4859477518077,346.973502480972,65.5882901165501,86.8547192436488,512.594659237685,122.940979541367,48.9269385906018,284.993107360415,124.460810554396,324.099681017242
493.834901922653,169.95620011125,381.764874707273,152.223679827587,169.71203310949,263.977206379465,185.017885517689,180.097656720208,253.438910438279,169.71203310949,256.874138845613,264.306380310958,241.69493578501,260.077467878653,496.051845163447,432.109226324115,292.677337742108,281.682840318106,493.96037096725,162.177403409996,273.496053150007,166.524348000111,486.404512458462,175.671952364459,178.231515264179,150.883364864459,154.171206669771,301.105914731506,204.287245953883,161.608987418785,412.222910395686,125.075202789413,380.51174424546,295.822359472605,175.671952364459,253.438910438279,263.042224975339,372.687740811303,250.140674792406,252.366100910854,154.524645172056,155.575149832518,185.017885517689,137.608925992328,208.938929774973,378.160918088,169.592506775526,169.592506775526,317.150036012519,372.687740811303,134.023721171998,305.242758191524,185.017885517689,102.551092030724,246.849970987831,398.127618617299,277.048290580042,169.71203310949,98.2049376809507,180.097656720208,495.957605836671,333.579131136932,497.602143237602,253.182597534739,263.766413132441,259.143866493387,258.658569354849,243.663397235968,263.766413132441,204.287245953883,258.167287754256,393.026132628858,276.508835212012,239.099854833792,148.644197808675,376.592765031322,248.54249119981,176.225641379843,162.085316246594,381.764874707273,268.906923297452,177.706113835263,256.874138845613,152.101478323073,0,151.495207399718,302.943092683816,168.134795838675,165.59095482872,383.109053741863,501.076433735568,247.841020130224,356.632017792785,175.77966298868,149.638923746101,159.114999094872,238.6460323588,377.102108722598,372.687740811303,149.765085853695,138.304796734587,149.638923746101,166.524348000111,259.143866493387,162.085316246594,225.263846360672,149.411971314921,243.575955147172,248.54249119981,152.3464658791,190.795805820041,150.053659081075,261.607782695159,134.823471899497,175.77966298868,155.575149832518,177.335427116643,253.438910438279,256.373781345062,238.6460323588,230.054106568583,204.287245953883,497.196904347531,261.448759734974,374.670020580766,150.053659081075,149.680397581271,298.492712053619,188.549812057499,152.472448411095,136.24269265195,148.185573435883,156.745403901761,195.406971299061,376.592765031322,174.213514443196,169.592506775526,276.508835212012,263.042224975339,174.213514443196,155.575149832518,190.795805820041,148.644197808675,372.687740811303,149.765085853695,143.65247417886,375.197867300226,261.448759734974,149.411971314921,372.687740811303,176.225641379843,149.680397581271,449.677180157915,492.115581030429,243.575955147172,258.243024972016,372.687740811303,150.181429592484,251.711834234647,186.415748926873,253.438910438279,177.335427116643,299.936941932357,99.1884233235276,304.475422039655,255.248247490448,483.422342336389,151.495207399718,151.656381218775,151.495207399718,151.032066770713,167.449126215391,161.608987418785,260.533506983188,336.482780171782,243.575955147172,151.882682513856,164.129737152405,268.904779398133,159.114999094872,327.517564938566,183.020449975137,204.287245953883,494.509058662702,151.495207399718,166.524348000111,264.809083945136,113.411695100757,304.475422039655
504.066716300264,139.90272221192,394.461754853904,122.584232093282,139.747904962294,278.192681463828,155.098830399332,150.163102606979,268.523159580949,139.747904962294,271.854089177035,278.762106070996,257.179558573516,274.993972046671,506.410252479054,444.826774675196,306.115914561783,296.113776833968,504.221208836426,180.255253355883,287.022409932923,136.576767016381,496.406687867445,145.730760017479,147.684680938908,119.834162228391,73.5133923076705,314.996646143509,174.369877918165,131.754586364384,424.821498047227,122.002838663832,393.067036878264,309.601174227824,145.730760017479,268.523159580949,277.892877438333,385.265039497347,265.369807391868,267.591161573371,124.678707320632,104.145441599821,155.098830399332,95.2048376200796,227.09334994379,390.855697926013,139.748281231658,139.748281231658,330.589904638179,385.265039497347,99.9915544428337,318.864244809275,155.098830399332,130.973878969293,256.743529593336,410.74824327705,282.552046642504,139.747904962294,132.543227705605,150.163102606979,506.22009557722,345.764764940556,507.841536276071,268.305491195854,278.552250671094,273.978073254336,273.6071826308,259.074200313749,278.552250671094,174.369877918165,273.640284836114,402.20147074315,289.936086233657,254.790644512986,62.1441687477461,389.281919608582,263.766625382568,146.514838797422,79.9128082334586,394.461754853904,283.326102782935,147.803668598238,271.854089177035,122.940979541367,151.495207399718,0,316.509613985947,151.48075628707,123.542287621681,396.00834529426,511.327662879175,263.255066081521,368.379701522935,145.85654607957,49.9564602759314,129.384412549523,254.391911398222,389.688544438249,385.265039497347,72.4022227829258,98.7355929160772,49.9564602759314,136.576767016381,273.978073254336,79.9128082334586,241.77381850062,56.4671474524194,258.946079752049,263.766625382568,131.378275272751,160.877846914892,125.244525987234,275.975826455422,132.956200093172,145.85654607957,104.145441599821,147.38048799816,268.523159580949,272.017194878624,254.391911398222,246.147533555445,174.369877918165,507.727198353158,276.296152012002,387.357032573685,125.244525987234,51.5619325814864,312.233759584346,83.0311316455148,127.732769854903,96.787721122672,125.35449415006,126.988179086248,214.221211329975,389.281919608582,144.362498349854,139.748281231657,289.936086233657,277.892877438333,144.362498349854,104.145441599821,160.877846914892,62.1441687477463,385.265039497347,72.4022227829258,110.530018886298,387.756784294981,276.296152012002,56.4671474524194,385.265039497347,146.514838797422,51.5619325814864,462.407682649554,502.375305389503,258.946079752049,273.325610259382,385.265039497347,55.7402236791123,266.868839319084,156.475791377204,268.523159580949,147.38048799816,313.31946343481,132.234304453785,318.028976590427,270.434841374599,493.359720119616,0,72.4375708001032,0,69.7227156107895,137.466078004017,131.754586364384,275.340073682653,348.707250914405,258.946079752049,35.2993496064389,134.28788891133,284.069355335107,129.384412549523,340.458131308094,153.076543456599,174.369877918165,504.525715044147,0,136.576767016381,279.626347895964,126.150733867256,318.028976590427
458.053227293354,340.357037486227,279.887482914434,322.662165373464,340.117435746491,255.053267705892,355.423767007236,350.503271187525,241.853551941174,340.117435746491,241.759670787416,241.265351255277,240.870601550864,239.313685598054,458.312354020345,329.640936898728,274.269772499571,198.89152863566,456.91564347383,292.558553686434,271.36239869307,336.931295412977,455.758145319951,346.077645089604,327.746824794861,321.272148975293,320.886579188845,179.221685242562,374.692927864126,332.023528120887,311.670958682262,300.285235996665,296.957176509015,149.719211458142,346.077645089604,241.853551941174,236.452086126541,295.785396803331,240.153282177766,237.989322966477,324.945880671736,314.303995051624,355.423767007236,302.076583478667,263.715586982202,276.337422626176,340.004580664306,340.004580664306,225.520300249509,295.785396803331,300.016901622739,156.313727884778,355.423767007236,294.205224379151,313.145611501463,296.706358961206,333.964636288035,340.117435746491,295.005439325653,350.503271187525,458.655050079504,311.724378269008,460.715744567437,239.715059852411,236.248011318468,242.451688743678,240.742935993843,242.138815148729,236.248011318468,374.692927864126,228.924787532218,393.158879711701,273.918420258419,240.332000710734,314.901711618705,274.966732545167,243.013485994139,346.644542390414,328.718019602707,279.887482914434,239.964937108753,348.113610885924,241.759670787416,322.570900753485,302.943092683816,316.509613985947,0,339.031832239362,321.317311872927,273.375668619422,463.345713226681,218.482415810978,318.718556945452,346.186228545153,314.922921510688,329.538759913167,229.478579838283,293.869648975251,295.785396803331,316.659314222789,308.055950929891,314.922921510688,336.931295412976,242.451688743678,328.718019602707,250.067314928012,315.395174577952,243.880577777063,243.013485994139,323.246735866772,361.201549352925,320.842418412653,248.411119799629,307.515373472759,346.186228545153,314.303995051624,347.740415324842,241.853551941174,234.5316390509,229.478579838283,245.236099347028,374.692927864126,456.0826970891,239.812872494217,273.087837844276,320.842418412653,315.438961369547,146.269418370372,353.616439282431,323.204874209781,300.987213500361,319.096211934398,327.169590815251,264.376327177359,274.966732545167,344.624390669872,340.004580664306,273.918420258419,236.452086126541,344.624390669872,314.303995051624,361.201549352925,314.901711618705,295.785396803331,316.659314222789,313.956259051359,295.626180971937,239.812872494217,315.395174577952,295.785396803331,346.644542390414,315.438961369547,346.833046271911,455.447129460694,243.880577777063,237.460824184123,295.785396803331,316.127259671248,240.915386622901,356.820848069311,241.853551941174,347.740415324842,275.702300672253,295.196951223745,91.4182485945729,238.179938942605,454.278511193182,316.509613985947,318.450044944465,316.509613985947,317.693867971855,337.853939041978,332.023528120887,240.974840259977,307.708766423943,243.880577777063,316.625098634718,334.543837514611,225.162516130852,329.538759913167,285.450201605885,353.425567736815,374.692927864126,464.515454447069,316.509613985947,336.931295412976,235.24232098923,297.356523937901,91.4182485945729
529.161098287221,127.705767790392,417.646672504986,109.407367909992,127.27996634279,300.426037050394,142.484181597735,137.594406107417,289.922704539766,127.27996634279,293.338687183515,300.713288494479,278.23420267864,296.511990453258,531.413496628476,467.995348318853,328.957733935347,317.892013106505,529.290919177759,204.461031228956,309.871145936391,124.065925723122,521.673691605266,133.185063227188,197.738990022704,112.866153889035,147.986955459108,337.236036531594,161.749648917817,118.979656537658,448.090571347434,118.981385367519,416.43080231621,331.948202171491,133.185063227188,289.922704539766,299.448864370286,408.625222960902,286.62890704364,288.825623000264,112.016464427714,167.761565117827,142.484181597735,147.347563783612,245.348565324692,414.042295284445,126.910380522427,126.910380522427,353.267779004265,408.625222960902,144.910455416153,341.354835488401,142.484181597735,150.989569458681,282.910759851009,434.000896154406,311.206344370283,127.27996634279,149.803218242227,137.594406107417,531.287517396561,369.555490514711,532.925816921999,289.653348609847,300.168786267963,295.599270969564,295.107826779544,280.203175123877,300.168786267963,161.749648917817,294.486438152132,428.154208650049,312.862003026157,275.632379126793,144.670370956816,412.472850480834,285.062427227302,133.246256079921,156.188394088814,417.646672504986,305.287217058365,135.14226785188,293.338687183515,108.263321344648,168.134795838675,151.48075628707,339.031832239362,0,180.824870171026,419.038631844189,536.400238336995,284.177889630992,392.434308200877,133.25739665186,149.237731353588,116.240699172088,275.070769361763,413.030413339487,408.625222960902,142.96181128313,114.221130830997,149.237731353588,124.065925723123,295.599270969564,156.188394088814,261.9210554806,146.275032685769,280.133996805271,285.062427227302,79.9702347075438,148.259462972379,97.7812773199462,298.05203714267,117.863363159016,133.25739665186,167.761565117827,134.874381449401,289.922704539766,292.705876794571,275.070769361763,266.673449580182,161.749648917817,532.603374327429,297.879002715179,410.549710688425,97.7812773199462,147.328013891796,334.616131792002,188.085875747995,97.2312875361399,146.649942739314,90.4706222080697,113.97455430415,232.056760705173,412.472850480834,131.543869969582,126.910380522427,312.862003026157,299.448864370286,131.543869969582,167.761565117827,148.259462972379,144.670370956816,408.625222960902,142.96181128313,112.81800216331,411.125455673455,297.879002715179,146.275032685769,408.625222960902,133.246256079922,147.328013891796,485.566028796796,527.447500940589,280.133996805271,294.672789065006,408.625222960902,147.04703508351,288.198216845723,143.918161891599,289.922704539766,134.874381449401,336.184269488741,148.313891888274,340.564390537567,291.693578621372,518.675724609495,151.48075628707,145.198544724376,151.48075628707,145.14126127764,125.06141039644,118.979656537659,296.973625145452,372.445044640363,280.133996805271,152.636011563342,121.45729844056,305.196158708993,116.240699172088,363.616796048057,140.532558547008,161.749648917817,529.786411688543,151.48075628707,124.065925723123,301.202514102158,141.443083966159,340.564390537567
506.645684605724,174.419018228133,398.693056350657,156.909732643672,174.226393189837,283.360017199541,189.560007867283,184.630602775819,274.312263219196,174.226393189837,277.573660751756,284.118045185625,263.24187184568,280.677806704386,509.073328569984,449.07200104273,310.773609453596,301.519731867607,506.819473382895,186.392325249109,291.715690959677,171.047365279865,498.833019205805,180.200617052184,109.658842750987,154.669666455119,135.827665461889,320.029892229922,208.830556162619,166.183339977776,428.984511706172,146.315902818196,397.185848402377,314.553254554498,180.200617052184,274.312263219196,283.538334592826,389.39509977605,271.263686225167,273.492776648804,159.095692521847,78.0673335495761,189.560007867283,113.254848857394,235.17994038839,395.085577147242,174.175908214136,174.175908214136,335.296238448959,389.39509977605,117.825173597729,323.705067081101,189.560007867283,145.673008795264,259.041576357783,414.925816742083,282.046060012839,174.226393189837,148.239923330726,184.630602775819,508.819439210782,349.604737858674,510.425489519223,274.127772418908,284.151589345267,279.59405544303,279.309282914289,265.082114642922,284.151589345267,208.830556162619,279.780004511573,404.07859297185,294.56467929306,261.00716997136,127.798063214181,393.508052157295,269.645023165713,180.886968429924,143.276658357355,398.693056350657,288.664333999461,182.257043641332,277.573660751756,157.067533093105,165.59095482872,123.542287621681,321.317311872927,180.824870171026,0,400.374073259006,513.919367191664,269.343661443553,371.947196086287,180.31866372752,123.435752519128,163.759590010268,260.691869626055,393.827513791634,389.39509977605,132.42676900786,137.142584274767,123.435752519128,171.047365279865,279.59405544303,143.276658357355,248.541760183212,126.996727385598,264.917244998484,269.645023165713,162.282270778374,195.338712550381,157.576668701897,281.255372781127,157.357574876059,180.31866372752,78.0673335495762,181.856325736833,274.312263219196,278.278666267449,260.691869626055,252.625401990619,208.830556162619,510.504488580527,281.930769704665,391.5817010359,157.576668701897,125.999325049858,317.158825477642,160.72700549611,160.076872265589,113.961540266035,156.91872830612,161.371831201231,222.673647905042,393.508052157295,178.793581668772,174.175908214136,294.56467929306,283.538334592826,178.793581668772,78.0673335495762,195.338712550381,127.798063214181,389.39509977605,132.42676900786,146.045801446953,391.876073974577,281.930769704665,126.996727385598,389.39509977605,180.886968429924,125.999325049858,466.661630262957,504.972842249148,264.917244998484,279.133354573125,389.39509977605,127.522332053471,272.710408786771,190.946108657556,274.312263219196,181.856325736833,317.946313635414,148.482193334994,322.82708749334,276.313428399254,495.74302740295,123.542287621681,133.753200510926,123.542287621681,132.393214018795,171.951968493877,166.183339977776,280.941227368771,352.578197728254,264.917244998484,122.327106173751,168.712748278901,289.99021942001,163.759590010268,344.807764204776,187.548281442248,208.830556162619,506.961688904333,123.542287621681,171.047365279865,285.251978417123,144.661257298939,322.82708749334
496.069406493111,420.22156182866,236.245254739587,402.529576521184,419.982781202879,342.365481820465,435.289627786984,430.368967169069,331.194297001314,419.982781202879,331.515361947961,331.495677944013,329.110077151594,329.858986764683,496.381534477483,285.042033557811,360.136633178295,290.965741332728,493.507719036567,372.654211063982,355.790467444461,416.796748876411,496.555548626196,425.943255723504,406.502194388121,401.1236527752,400.476525495028,277.421141100313,454.558818454321,411.889688415155,275.197257057253,380.324858411531,367.560512127448,277.415621705437,425.943255723504,331.194297001314,327.849244715062,371.345783655657,329.376844533647,327.766034967582,404.811713799219,393.501287349139,435.289627786984,381.519529587258,348.270141578945,232.770452866754,419.871007970553,419.871007970553,326.884562331178,371.345783655657,379.512801253401,291.166755347346,435.289627786984,374.129589703853,391.025298414645,261.646608843291,406.187625082893,419.982781202879,375.005209078925,430.368967169069,494.837388422934,390.110202099363,497.017981540787,329.342211501997,327.760932949139,332.287923802187,330.885687309273,330.414236761969,327.760932949139,454.558818454321,318.456339161331,454.425676966507,358.069857540224,328.435675327159,394.464988577032,231.822954832345,331.65116328908,426.512219998768,408.303570108701,236.245254739587,331.186241195192,427.979581035664,331.515361947961,402.442600386178,383.109053741863,396.00834529426,273.375668619422,419.038631844189,400.374073259006,0,498.488919583092,308.560193164085,388.916805344122,426.052004655541,394.43388240111,409.405936861027,318.398845168563,366.508736498962,371.345783655657,396.25875631947,387.835125538973,394.43388240111,416.796748876411,332.287923802187,408.303570108701,336.26228229243,394.944347037345,331.898288123953,331.65116328908,403.199767676537,441.067430074103,400.752233745535,336.771695067487,387.663666900006,426.052004655541,393.501287349139,427.605903743095,331.194297001314,323.644686027811,318.398845168563,332.111177270565,454.558818454321,493.18235919332,330.438179410274,229.991817811044,400.752233745535,394.976204417519,281.541314436298,433.118884216393,403.118313952769,380.438613241161,399.025388250879,407.036395789686,348.148771354713,231.822954832345,424.490796805286,419.871007970553,358.069857540224,327.849244715062,424.490796805286,393.501287349139,441.067430074103,394.464988577032,371.345783655657,396.25875631947,393.782900681488,369.092873242918,330.438179410274,394.944347037345,371.345783655657,426.512219998768,394.976204417519,301.61900458378,492.66966534484,331.898288123953,328.052645127368,371.345783655657,395.674934902971,330.202635871933,436.686515066289,331.194297001314,427.605903743095,362.00729773768,375.217433464501,277.046723933194,328.288219655939,495.940962831165,396.00834529426,398.044158036395,396.00834529426,397.280565481452,417.719083767119,411.889688415155,331.228768798477,385.881338164516,331.898288123953,396.110080252749,414.410182737442,315.395255736456,409.405936861027,370.504814835656,433.291185303974,454.558818454321,506.633503249656,396.00834529426,416.796748876411,327.089315275165,377.303340595754,277.046723933194
381.295282382246,537.009576516029,481.499449686637,519.329158193404,536.774108094868,481.404766604571,552.083042979905,547.161714732004,477.379780011595,536.774108094868,478.375749183101,477.417033779399,473.609348808358,478.564060230982,425.698494944833,533.269430590902,495.91154277972,469.564262496654,338.882826394919,490.320679278801,487.707875441674,533.588507869573,390.968881903369,542.735656829678,518.833713543299,517.859033786185,516.161674793875,470.104011673942,571.352355433406,528.684283930453,508.724917852979,497.810008754551,517.108727362941,464.08733332594,542.735656829678,477.379780011595,478.475733093415,516.800166089279,475.94547839917,476.177423161452,521.604961037141,507.611272362956,552.083042979905,496.615466446184,483.456889272124,477.754520223193,536.666695635084,536.666695635084,488.713200171255,516.800166089279,494.820793155739,471.596590541278,552.083042979905,491.142210652979,501.040834798271,496.833273057186,493.482868461028,536.774108094868,492.318449093147,547.161714732004,318.051961821486,512.274208010892,305.283060996401,476.589700485476,478.221945153135,478.688868335639,478.658871365167,474.722770371706,478.221945153135,571.352355433406,477.014118580974,507.247970421571,489.348513528224,473.402411342722,510.043156538243,475.770156535557,476.351940178243,543.312950153885,523.971090208756,481.499449686637,479.076559611676,544.773433335984,478.375749183101,519.259445118255,501.076433735568,511.327662879175,463.345713226681,536.400238336995,513.919367191664,498.488919583092,0,466.356873287783,503.309485261461,542.845073564458,509.802244243428,526.204618097704,468.533222347545,516.136743594512,516.800166089279,511.98198790034,504.27958236004,509.802244243428,533.588507869573,478.688868335639,523.971090208756,476.012802023848,510.46595242744,475.207966425198,476.351940178243,520.344167853244,557.860926747144,517.722295556307,478.395355663502,505.587837382064,542.845073564458,507.611272362956,544.397811815341,477.379780011595,479.70820640368,468.533222347545,473.622203461446,571.352355433406,453.281062570202,478.95039955534,473.709369044135,517.722295556307,510.449966955123,466.431524017707,548.453080311901,520.103224417435,495.568446888789,516.073325253566,523.833568739338,480.12680891632,475.770156535557,541.286403637075,536.666695635084,489.348513528224,478.475733093415,541.286403637075,507.611272362956,557.860926747144,510.043156538243,516.800166089279,511.98198790034,510.418032602423,515.873012415139,478.95039955534,510.46595242744,516.800166089279,543.312950153885,510.449966955123,551.733721819705,364.241721639603,475.207966425198,478.124741012782,516.800166089279,511.190538271409,476.588601451685,553.479146866139,477.379780011595,544.397811815341,499.007354748819,492.613906254182,465.182132290338,477.575180689182,398.478502942407,511.327662879175,513.74601815952,511.327662879175,512.952680404282,534.509599080281,528.684283930453,478.568408137963,509.626911033347,475.207966425198,511.374257856556,531.205529471687,479.130346967744,526.204618097704,508.004345022061,550.083616566117,571.352355433406,433.060723249722,511.327662879175,533.588507869573,478.707394621727,494.41010145221,465.182132290338
460.031026259772,285.966617970446,310.694098552767,268.262685547303,285.724357317661,212.751237124661,301.028987179514,296.109033908064,180.08015329845,285.724357317661,182.628981318187,197.806678832105,170.831957516937,181.174772166246,461.02497374377,360.67551776622,245.36614253833,167.704181523792,459.519476096897,238.74733284308,234.766877084306,282.537880152762,455.512594973893,291.683691757755,276.599703516557,266.924661918199,267.355158113403,205.715846376583,320.298046489435,277.627873904221,343.12734554777,245.366332818035,319.827908614587,206.107027335608,291.683691757755,180.08015329845,179.838445365541,313.571590486022,173.585489087515,168.648754335658,270.551399274492,261.933892680113,301.028987179514,249.016908492446,190.726439139951,307.126631362838,285.608008163666,285.608008163666,244.57340325212,313.571590486022,246.811288669191,221.92368877973,301.028987179514,239.812605957649,269.643547429827,328.732031225245,299.411858279787,285.724357317661,240.35824140481,296.109033908064,461.398212123264,295.524400060661,463.290670386567,175.655044210628,182.397020131722,187.984303820054,182.04504079966,174.134160044996,182.397020131722,320.298046489435,107.229754906046,378.10969197296,238.38285758152,164.494150252775,261.452263986246,305.658826502175,178.963273271515,292.243920005803,275.199931802134,310.694098552767,198.754504690008,293.718490744039,182.628981318187,268.157629348751,247.841020130224,263.255066081521,218.482415810978,284.177889630992,269.343661443553,308.560193164085,466.356873287783,0,315.328878685726,291.791738736161,261.632586255909,275.139861947466,131.194831841205,316.286736231341,313.571590486022,263.099094864345,253.939728811244,261.632586255909,282.537880152762,187.984303820054,275.199931802134,175.463782131696,261.988255949831,178.229116742037,178.963273271515,268.570153080344,306.80670153556,266.307155393078,204.686500762138,252.218480361301,291.791738736161,261.933892680114,293.346857400542,180.08015329845,113.012090828391,131.194831841205,170.933973308517,320.298046489435,460.199864591872,184.257638450765,303.772355386751,266.307155393078,262.068211750768,210.509391367817,300.349918995773,268.656920587606,247.906663310684,264.498518787508,272.77193046532,196.083010010581,305.658826502175,290.227871925168,285.608008163666,238.38285758152,179.838445365541,290.227871925168,261.933892680114,306.80670153556,261.452263986246,313.571590486022,263.099094864345,259.689965879938,315.534325572612,184.257638450765,261.988255949831,313.571590486022,292.243920005803,262.068211750768,378.015548989629,457.843320081918,178.229116742037,171.321154800729,313.571590486022,262.72461627103,176.771940137786,302.426699790211,180.08015329845,293.346857400542,250.296570371047,240.471115798854,220.759939145734,168.822555985282,453.376793047919,263.255066081521,264.905983687101,263.255066081521,264.17247341219,283.46151780337,277.627873904221,187.141136757435,295.346736366825,178.229116742037,263.411825312364,280.147564620637,124.041654516115,275.139861947466,275.201948471022,299.031583542576,320.298046489435,463.858868542887,263.255066081521,282.537880152762,179.606134758927,242.815259602427,220.759939145734
494.311693011919,393.317662778751,385.836649992992,375.631471172778,393.080599046666,318.809436354487,408.388550885588,403.467538081706,320.990399291265,393.080599046666,321.594328914584,317.022466303631,318.648241802031,321.893420750453,493.734383214159,436.438210735328,324.032587391752,323.055597755155,494.935680964014,345.208612098788,320.75345746626,389.894781633685,489.646646544541,399.041641755886,377.573437780966,374.191900185382,373.023364806629,327.569801395361,427.657808154532,384.989156773339,413.480750527694,353.755740371498,349.231535320598,318.23032445761,399.041641755886,320.990399291265,321.988053871674,335.466221493038,320.334846723522,321.009977011867,377.910402908254,365.318679682513,408.388550885588,353.761895054339,332.964560528148,382.204996835668,392.97108001894,392.97108001894,324.455898368314,335.466221493038,351.8448497721,321.624607543482,408.388550885588,347.199813858595,354.950453345008,399.311503589222,366.328896992636,393.080599046666,348.24207112701,403.467538081706,497.208776110382,308.631266057809,499.239513515671,320.633125706544,321.292231856863,320.986321439108,321.924427629606,319.434368127446,321.292231856863,427.657808154532,326.54038581624,405.165804471123,321.480956478782,319.292445249894,366.959669018448,380.578476368205,320.336476305509,399.614907071087,380.841960693192,385.836649992992,318.806176816715,401.078721063049,321.594328914584,375.553379771598,356.632017792785,368.379701522935,318.718556945452,392.434308200877,371.947196086287,388.916805344122,503.309485261461,315.328878685726,0,399.150737247829,366.827643527048,382.5074897683,316.013892586557,345.774997903348,335.466221493038,368.823843201317,360.754617483883,366.827643527048,389.894781633685,320.986321439108,380.841960693192,323.288850811318,367.412129279059,319.589849854296,320.336476305509,376.480442118239,414.16639777577,373.941475532707,316.893010854726,361.341676031347,399.150737247829,365.318679682513,400.704034500716,320.990399291265,328.912896184648,316.013892586557,320.128163557878,427.657808154532,491.951565536363,321.829628838086,378.625282904729,373.941475532707,367.421070462055,319.482880389704,405.497986674777,376.315927979449,352.693239025176,372.254857078324,380.137143249655,330.16593754748,380.578476368205,397.590837190029,392.97108001894,321.480956478782,321.988053871674,397.590837190029,365.318679682513,414.16639777577,366.959669018448,335.466221493038,368.823843201317,366.798627814874,339.951766759609,321.829628838086,367.412129279059,335.466221493038,399.614907071087,367.421070462055,454.166303419264,492.625718400861,319.589849854296,322.73852142639,335.466221493038,368.140062606701,320.598556414762,409.785029447542,320.990399291265,400.704034500716,325.072047217655,348.506727864849,319.553619614175,322.471470198211,487.403528093863,368.379701522935,370.599007220088,368.379701522935,369.821017487678,390.816475840373,384.989156773339,320.909585233854,295.719814765492,319.589849854296,368.455369943934,387.510054491501,329.50706133899,382.5074897683,319.018839702151,406.389592922301,427.657808154532,496.391961640937,368.379701522935,389.894781633685,322.341804647887,350.479952445185,319.553619614175
535.59917604057,29.3126157574713,424.617101539016,54.0329965443803,20.4919942439193,307.644654600505,21.8068754239806,16.7758111743834,297.386880261818,20.4919942439193,300.778731547455,308.018193235757,285.797530858836,303.943841294517,537.87634828515,474.970362247982,336.005415396341,325.259880763932,535.736098418023,210.751615069875,316.911044205011,23.6923524749065,528.064084817626,14.3323451158111,198.411416000189,79.9129329096669,139.530778972963,344.471871371252,41.6261724592579,33.7008472123353,455.036872117595,130.678627419473,423.345594911045,339.152345683548,14.3323451158111,297.386880261818,306.871058241508,415.539906031029,294.134481729168,296.340129189043,47.269621450443,166.372910050766,21.8068754239806,145.981257660414,253.747027773425,421.012251620138,26.0545258381225,26.0545258381225,360.374139728832,415.539906031029,144.304969495955,348.517189987709,21.8068754239806,157.103504193398,288.972872257746,440.951721422545,316.656879964434,20.4919942439193,156.714021835055,16.7758111743834,537.73343497933,376.339399694505,539.367130196218,297.133595069832,307.573267382044,302.999313601071,302.543986143982,287.744434860397,307.573267382044,41.6261724592579,302.124031884662,434.348693584748,319.880236801439,283.259193812519,137.430742923288,419.44160032148,292.555326689476,40.6007890957169,147.825167276359,424.617101539016,312.590728032867,16.3259281936553,300.778731547455,58.2697830562365,175.77966298868,145.85654607957,346.186228545153,133.25739665186,180.31866372752,426.052004655541,542.845073564458,291.791738736161,399.150737247829,0,143.55516562735,39.7468827967925,282.751853442391,419.951134374539,415.539906031029,134.29121647027,95.7300596029931,143.55516562735,23.6923524749065,302.999313601071,147.825167276359,269.746856861914,139.352640338004,287.656754214938,292.555326689475,103.96238819779,28.0295376601661,90.4957419437478,305.317626544607,136.807605124247,0,166.372910050766,19.395187652088,297.386880261818,300.389345151028,282.751853442391,274.389088452234,41.6261724592577,539.101114210334,305.291868651815,417.517966173754,90.4957419437478,140.74582107385,341.809929409809,182.217508099959,88.2534893803517,145.575179280998,96.3387490000256,43.4605980189639,240.567007730292,419.44160032148,25.7202155926627,26.0545258381224,319.880236801439,306.871058241508,25.7202155926627,166.372910050766,28.0295376601661,137.430742923289,415.539906031029,134.29121647027,93.1739195780091,418.038242507012,305.291868651815,139.352640338004,415.539906031029,40.600789095717,140.74582107385,492.543910487252,533.891827506648,287.656754214938,302.155573083881,415.539906031029,140.086046321253,295.683056050936,24.5340273040352,297.386880261818,19.395187652088,343.227120165709,155.531189481093,347.714852996241,299.201694512349,525.052550066252,145.85654607957,136.646361558529,145.85654607957,136.880666543626,23.6868535931999,33.7008472123352,304.370881161611,379.245639970731,287.656754214938,147.31019570429,30.9474321446395,312.752242002401,39.7468827967925,370.581296893322,21.8356395376208,41.6261724592577,536.178086462538,145.85654607957,23.6923524749065,308.619485747028,148.140826798059,347.714852996241
502.541678785672,137.601328014477,392.891011181185,120.279183193964,137.446343292406,276.596339103198,152.797640697443,147.861901963802,266.909274535064,137.446343292406,270.242146297532,277.160369015528,255.55801658892,273.383003933404,504.882910072499,443.255645029178,304.533770454188,294.510379702396,502.695627721902,178.638742919801,285.439406920182,134.274929587321,494.885861537923,143.429450084627,147.077794855133,117.515036158536,73.7583339072216,313.403649971258,172.068737126226,129.452010548445,423.252657072222,119.84223880263,391.499547305694,308.010460893022,143.429450084627,266.909274535064,276.282960441542,383.6972659841,263.752968540343,265.974073782928,122.374286174381,104.616528483599,152.797640697443,93.3189739746029,225.414585555558,389.284993696313,137.446472512331,137.446472512331,329.006122347318,383.6972659841,97.9956003067918,317.276652100711,152.797640697443,129.095377425261,255.228934523604,409.179000550123,281.112573083571,137.446343292406,130.633620888533,147.861901963802,504.694480416873,344.205310756878,506.316343453001,266.690654870395,276.943630654966,272.369046053526,271.995715688885,257.454195126203,276.943630654966,172.068737126226,272.016352245281,400.696050779798,288.354885971253,253.164742307974,60.2261165499096,387.711319101887,262.150257656423,144.213040517645,80.6098653012278,392.891011181185,281.724831832646,145.502238407035,270.242146297532,120.636885784561,149.638923746101,49.9564602759314,314.922921510688,149.237731353588,123.435752519128,394.43388240111,509.802244243428,261.632586255909,366.827643527048,143.55516562735,0,127.081487265131,252.763557776248,388.120500787535,383.6972659841,71.7689733432262,96.3730107634687,0,134.274929587321,272.369046053526,80.6098653012283,240.132450985035,56.6513357607662,257.32713144516,262.150257656423,129.108310262869,158.57669261529,122.952031026175,274.376299872865,130.810990383986,143.55516562735,104.6165284836,145.079260354936,266.909274535064,270.389847708408,252.763557776248,244.514329898168,172.068737126227,506.196713029372,274.686568734977,385.786472703376,122.952031026175,52.4867888516382,310.643805096186,95.2861615611077,125.443666154229,94.9054557380504,123.071581973128,124.684643729704,212.532166842243,387.711319101887,142.060835220708,137.446472512332,288.354885971253,276.282960441542,142.060835220708,104.6165284836,158.57669261529,60.2261165499103,383.6972659841,71.7689733432262,108.182156058474,386.189297479042,274.686568734977,56.6513357607662,383.6972659841,144.213040517645,52.4867888516382,460.836311282284,500.84975094948,257.32713144516,271.711139236555,383.6972659841,58.3420102459268,265.253475457351,154.174763610939,266.909274535064,145.079260354936,311.738140944457,130.307445297774,316.442555172351,268.818388268087,491.840082303148,49.9564602759317,72.2819410559223,49.9564602759317,69.794251874779,135.164379070924,129.452010548445,273.731447297766,347.146887025568,257.32713144516,54.2452417066301,131.985650922526,282.451554275877,127.081487265131,338.884423414261,150.775454837774,172.068737126227,503.004640856262,49.9564602759317,134.274929587321,278.016975082626,124.145978445032,316.442555172351
518.958781383503,35.4862763454281,407.971460139709,35.4181929378152,33.9612051128571,290.996382010751,49.1156815926828,44.2339276202344,280.736304272811,33.9612051128571,284.128391134918,291.369142223608,269.145999818922,287.293594459339,521.235703665158,458.324675919644,319.35882511806,308.610364109356,519.095635641619,194.109205818009,300.264473652549,30.3092408519823,511.424164465524,39.8143381679189,181.836127089,63.2512767565377,123.130296446893,327.823624852032,68.4210339009935,20.6217230334943,438.391460890826,113.939632938875,406.700443285151,322.504394423866,39.8143381679189,280.736304272811,290.220917418722,398.894744606168,277.483517991491,279.689099151321,27.80639379419,149.826853187066,49.1156815926828,129.425635382844,237.08774564492,404.366614832573,32.3874677854048,32.3874677854048,343.727098085265,398.894744606168,127.734466622932,331.869633500607,49.1156815926828,140.450934782915,272.335536461953,424.306264958141,300.026288238733,33.9612051128571,140.052298323576,44.2339276202344,521.092965787304,359.695427815444,522.726707254782,280.482877135529,290.923293648046,286.349350455686,285.893690701793,271.093109053415,290.923293648046,68.4210339009935,285.471948049882,417.71066590494,303.233879652888,266.607075285464,120.988824281163,402.795975479763,275.90446257588,38.5949522316076,131.429101831524,407.971460139709,295.94170519184,41.5010477629599,284.128391134918,39.4859477518077,159.114999094872,129.384412549523,329.538759913167,116.240699172088,163.759590010268,409.405936861027,526.204618097704,275.139861947466,382.5074897683,39.7468827967925,127.081487265131,0,266.099295048976,403.305922458902,398.894744606168,117.885397166577,79.3790407925559,127.08148726513,30.3092408519823,286.349350455686,131.429101831524,253.092807079494,122.906692409003,271.005590206599,275.90446257588,86.7853722794065,54.9181600890501,73.1532870898415,288.668919824994,120.025281667075,39.7468827967927,149.826853187066,41.6186735463328,280.73630427281,283.736827017087,266.099295048976,257.736090451777,68.4210339009936,522.460120672719,288.641800790826,400.872346118605,73.1532870898415,124.292748133274,325.162075263785,165.752223212003,70.7789293654794,129.0144353832,79.1221764281475,20.3822116956259,223.906504292294,402.795975479763,37.3804211189579,32.3874677854047,303.233879652888,290.220917418722,37.3804211189579,149.826853187066,54.9181600890501,120.988824281163,398.894744606168,117.885397166577,76.6525260079347,401.393104425258,288.641800790826,122.906692409003,398.894744606168,38.5949522316074,124.292748133274,475.898196038746,517.251371754149,271.005590206599,285.504855537975,398.894744606168,123.642838437346,279.032286319358,50.6058489812972,280.73630427281,41.6186735463328,326.580593279592,138.865575989711,331.067420568816,282.550732264723,508.412764400638,129.384412549523,120.243466488343,129.384412549523,120.469489512203,31.8736017845204,20.6217230334941,287.720952716216,362.601521334172,271.005590206599,130.832398762546,25.2929547100815,296.100931450332,0,353.935580710437,47.2237866979569,68.4210339009936,519.538149330027,129.384412549523,30.3092408519823,291.969401185269,131.474193066757,331.067420568816
461.967977051926,276.927325657829,319.825826358761,259.221989682547,276.684674731633,206.150515789681,291.989063595105,287.069187457818,167.781627985312,276.684674731633,172.130095899978,192.520166949066,152.237000650257,172.568455073016,463.09534945821,369.88909248396,241.810103287725,190.419317676949,461.595677639508,229.621787377101,229.100624978912,273.498144779382,456.994394771483,282.643884981238,268.089696238006,257.891520421346,258.448018987655,220.856509059351,311.258109370992,268.587796548525,351.709861976046,236.240131806249,324.802821391924,218.509238348138,282.643884981238,167.781627985312,173.668235628753,317.790867367214,158.668454425334,153.84740057268,261.511466033321,253.215337736795,291.989063595105,240.181322284774,178.928781479467,316.25000426599,276.567810035435,276.567810035435,250.132964663458,317.790867367214,237.950350589783,231.806441009759,291.989063595105,230.741076130488,262.295775495615,337.356263082864,293.974986156157,276.684674731633,231.248703915606,287.069187457818,463.507098943646,293.961431245194,465.3667158398,162.874558019919,176.87272874017,179.246814384475,172.418260243324,156.956716329056,176.87272874017,311.258109370992,147.536104028614,376.545663861396,232.950298692353,141.157486282214,252.557996133123,314.760475376622,164.524175445761,283.203127123077,266.294912621465,319.825826358761,194.852124564385,284.678513507709,172.130095899978,259.114879935231,238.6460323588,254.391911398222,229.478579838283,275.070769361763,260.691869626055,318.398845168563,468.533222347545,131.194831841205,316.013892586557,282.751853442391,252.763557776248,266.099295048976,0,321.179991322946,317.790867367214,254.187376235412,244.941307168596,252.763557776248,273.498144779382,179.246814384475,266.294912621465,157.74825161579,253.100786517564,162.358359958311,164.524175445761,259.488498450997,297.766768902365,257.246062590751,198.096666960576,243.0404549423,282.751853442391,253.215337736795,284.307108685812,167.781627985311,144.37221470015,0,151.020578663739,311.258109370991,462.542757708583,176.490862742227,312.865514675237,257.246062590751,253.186494803212,222.162552723546,291.48495617612,259.594195594061,239.067100427261,255.428122223234,263.731537286601,184.618470429415,314.760475376622,281.187685747446,276.567810035435,232.950298692353,173.668235628753,281.187685747446,253.215337736795,297.766768902365,252.557996133123,317.790867367214,254.187376235412,250.668674652767,320.062083633201,176.490862742227,253.100786517564,317.790867367214,283.203127123077,253.186494803212,387.280431801452,459.870532775042,162.358359958311,160.844793867039,317.790867367214,253.837864979592,163.252316158487,293.386867570677,167.781627985311,284.307108685812,247.59127475876,231.351251458898,231.419075786658,155.35049279707,454.723440298487,254.391911398222,255.996835074996,254.391911398222,255.266902057803,274.421929874199,268.587796548525,179.200203917118,294.539433056384,162.358359958311,254.55529396325,271.107401484697,162.976911413131,266.099295048976,275.275962323366,289.991774348449,311.258109370991,465.243538029563,254.391911398222,273.498144779382,174.813290527971,233.732909106806,231.419075786658
509.269256919212,414.119870666789,366.275378189375,396.429640392111,413.881623803004,332.581116050828,429.188819322501,424.268047738863,328.545834438367,413.881623803004,328.677202181213,324.800528529037,327.253910727624,327.656649545752,508.53515711207,416.707606543166,343.322085832558,313.360055601541,508.778307810744,366.203728089595,342.050950183553,410.695656208063,506.985982963967,419.842277586125,399.820602235162,395.013188483528,394.208581705459,310.336447908461,448.458031518906,405.78903392918,392.970621018617,374.321260607777,161.779209479717,298.746640535985,419.842277586125,328.545834438367,326.365903387596,239.205394728577,327.619685266904,327.073051068397,398.710799066279,387.022383710365,429.188819322501,375.157771919722,346.115486869387,362.658756692673,413.770549835543,413.770549835543,304.685312832705,239.205394728577,373.175315255955,298.398064739995,429.188819322501,367.992881441731,381.491716696269,378.15873865902,396.729107156786,413.881623803004,368.921459387355,424.268047738863,510.752486610094,361.109138777825,512.902803627829,327.45639308175,325.729139192953,328.397665852638,328.356119960321,328.189400254831,325.729139192953,448.458031518906,327.251285177946,443.385949809977,343.721960418972,327.540707257884,388.181476432871,361.093792915128,328.888181999093,420.412574903975,402.033131162623,366.275378189375,324.923621818803,421.878837755777,328.677202181213,396.345410132442,377.102108722598,389.688544438249,293.869648975251,413.030413339487,393.827513791634,366.508736498962,516.136743594512,316.286736231341,345.774997903348,419.951134374539,388.120500787535,403.305922458902,321.179991322946,0,239.205394728577,389.996200937862,381.678891067517,388.120500787535,410.695656208063,328.397665852638,402.033131162623,334.418211185461,388.652929250103,329.025449936322,328.888181999093,397.155334872885,434.966636036353,394.679192084908,328.314257944355,381.740382287059,419.951134374539,387.022383710365,421.504846286479,328.545834438367,330.963327115163,321.179991322946,330.376259856163,448.458031518906,505.509509302623,327.701375582974,359.152686986046,394.679192084908,388.678020984079,299.193886369824,426.801478270694,397.048024934377,374.079759319709,392.96479498248,400.936125784062,344.925930083129,361.093792915128,418.390331258953,413.770549835543,343.721960418972,326.365903387596,418.390331258953,387.022383710365,434.966636036353,388.181476432871,239.205394728577,389.996200937862,387.656020701225,189.68960388181,327.701375582974,388.652929250103,239.205394728577,420.412574903975,388.678020984079,434.327963697066,506.937310233369,329.025449936322,327.656615236999,239.205394728577,389.382773470886,328.01062966953,430.585578825647,328.545834438367,421.504846286479,343.554214320908,369.151502375544,294.120624420461,327.952499862798,505.468431334948,389.688544438249,391.778580038219,389.688544438249,391.010709075006,411.617792853206,405.78903392918,327.624525973054,352.742551729911,329.025449936322,389.782646185893,408.309656837581,327.487951413047,403.305922458902,339.523933784461,427.190215219994,448.458031518906,514.918016359131,389.688544438249,410.695656208063,326.003546239574,371.210109463057,294.120624420461
509.660381676598,409.708589208353,370.957783292531,392.01846152083,409.470376512072,327.168474277339,424.777595468058,419.856816484947,324.3748989374,409.470376512072,324.482646750987,319.973882678018,323.197092300917,323.577812418272,509.031854371162,421.379190848013,336.460790983346,312.572771520965,509.325047449703,361.721053500032,335.917533849647,406.284412623345,506.933022445454,415.431042318655,395.385265106501,390.601318108406,389.787727126742,311.189219970991,444.046809210552,401.377816715743,398.196623998565,369.914956032339,258.275392478811,299.402246818264,415.431042318655,324.3748989374,322.421482206533,0,323.584991487284,323.207123340553,394.299561320003,382.592087489889,424.777595468058,370.731001276089,342.070721143247,367.342625299662,409.359347004788,409.359347004788,299.507090832926,0,368.749150005359,298.736011863026,424.777595468058,363.572468107489,376.625923660186,383.506876431315,392.286683069994,409.470376512072,364.504910391043,419.856816484947,511.336521131373,351.833521309948,513.45721699534,323.40780526266,321.704051566844,324.036239676177,324.217260497781,324.076233198388,321.704051566844,444.046809210552,324.649211549765,439.83571192633,337.47166292679,323.627695141936,383.759782200749,365.777623414824,324.692806897499,416.001424174445,397.612149462543,370.957783292531,320.198967595656,417.467617608005,324.482646750987,391.934403930561,372.687740811303,385.265039497347,295.785396803331,408.625222960902,389.39509977605,371.345783655657,516.800166089279,313.571590486022,335.466221493038,415.539906031029,383.6972659841,398.894744606168,317.790867367214,239.205394728577,0,385.575620707504,377.264190082013,383.6972659841,406.284412623345,324.036239676177,397.612149462543,330.381743983638,384.230843170189,324.811632220489,324.692806897499,392.74771002475,430.555413219871,390.269684994882,323.147572289507,377.340168042375,415.539906031029,382.592087489889,417.093605955201,324.3748989374,328.162554260166,317.790867367214,326.345365660205,444.046809210552,506.284403903066,323.540897756247,363.838444750394,390.269684994882,384.255590874756,299.759747233876,422.37812649857,392.638726691475,369.652928984108,388.556077674288,396.524930432193,340.752911463719,365.777623414824,413.979128448919,409.359347004788,337.47166292679,322.421482206533,413.979128448919,382.592087489889,430.555413219871,383.759782200749,0,385.575620707504,383.243073314766,197.633951952705,323.540897756247,384.230843170189,0,416.001424174445,384.255590874756,438.99298056605,507.42624895718,324.811632220489,323.852869906866,0,384.960661035897,323.909988165339,426.174346662679,324.3748989374,417.093605955201,336.306013858462,364.736535233483,295.94805769206,324.146165515801,505.283364835049,385.265039497347,387.357846056218,385.265039497347,386.589749667043,407.206536770708,401.377816715743,323.317350177129,342.326770006948,324.811632220489,385.358771064388,403.898448530278,325.324702977169,398.894744606168,328.96213852089,422.778980754821,444.046809210552,514.721216312592,385.265039497347,406.284412623345,322.134396526453,366.795260566987,295.94805769206
504.724817701899,128.301248304763,394.74280196938,111.131333618116,128.172511322724,278.27358258185,143.533186437616,138.59335448556,268.449236787979,128.172511322724,271.79661823663,278.792923547411,257.039859272621,274.943886586982,507.049873105711,445.104615633791,306.315775304037,296.121079915678,504.874613659701,180.443926171857,287.219338624435,125.007945044452,497.099203658595,134.159956274456,154.307122106229,108.126180104325,36.6512128796438,315.092416879245,162.804317196413,120.21750819989,425.118684398975,116.401132529417,393.379144872165,309.7169683268,134.159956274456,268.449236787979,277.850935083949,385.575620707504,265.269824475494,267.487791011063,113.159287301745,115.235129192752,143.533186437616,99.8319180800493,226.441382696095,391.137073515876,128.208111059505,128.208111059505,330.766934996627,385.575620707504,102.303866563651,319.00708249879,143.533186437616,129.447785535001,257.554026077442,411.042149229809,283.916003409151,128.172511322724,130.561753594293,138.59335448556,506.873126721812,346.15230602124,508.497969773296,268.222571928566,278.521642455605,273.946136531132,273.553292474654,258.948179238655,278.521642455605,162.804317196413,273.47085308737,403.025654019409,290.148115429532,254.611956241949,53.2134191445941,389.564151604511,263.672133046116,135.011752583341,48.301932081919,394.74280196938,283.35986898259,136.244385119786,271.79661823663,111.618914007244,149.765085853695,72.4022227829258,316.659314222789,142.96181128313,132.42676900786,396.25875631947,511.98198790034,263.099094864345,368.823843201317,134.29121647027,71.7689733432262,117.885397166577,254.187376235412,389.996200937862,385.575620707504,0,84.764936003116,71.768973343226,125.007945044452,273.946136531132,48.3019320819189,241.46232142762,56.0375269020913,258.830193640391,263.672133046115,122.018590588472,149.312232151917,115.085551668071,276.028058060053,126.996244906824,134.291216470269,115.235129192753,135.805330904486,268.449236787979,271.818131494466,254.187376235412,245.907269653078,162.804317196413,508.341321790934,276.258187529016,387.63960443831,115.085551668071,60.3659154118626,312.356170528956,105.649766217708,117.532325256207,100.756080557471,115.652763623286,115.486641266612,213.483803467941,389.564151604511,132.819251202289,128.208111059505,290.148115429532,277.850935083949,132.819251202289,115.235129192753,149.312232151917,53.2134191445943,385.575620707504,0,98.5732633908108,388.069388331521,276.258187529016,56.0375269020913,385.575620707504,135.011752583341,60.3659154118626,462.68351641907,503.029076624146,258.830193640391,273.244227867011,385.575620707504,55.1762123956733,266.781882898971,144.903396871255,268.449236787979,135.805330904486,313.525013245265,130.035782237662,318.181095403573,270.336519453237,494.061979578729,72.4022227829258,28.3022375920333,72.4022227829258,31.871293727088,125.886357403927,120.21750819989,275.311041371077,349.085788485906,258.830193640391,75.7437965877968,122.751754310661,283.952921205806,117.885397166577,340.724256355786,141.503486062878,162.804317196413,505.216615720778,72.4022227829258,125.007945044452,279.588669705802,123.363608615206,318.181095403573
497.029697612608,89.6543444795194,386.373857863571,72.6095572261052,89.5746603203935,269.557871139479,104.984677346785,100.03541091844,259.447407662158,89.5746603203935,262.824560700093,269.982410976104,247.918126845829,265.984353664226,499.322200993379,436.729921480264,297.814100702421,287.258946700896,497.170921631743,172.188257946771,278.716415310761,86.4051059625746,489.46527665642,95.5915609038338,156.080951436466,68.0342812643969,90.3389275983212,306.390867215624,124.259305745336,81.6387284772496,416.779009535744,96.8809596801247,385.069674281821,301.052338534504,95.5915609038338,259.447407662158,268.905407106147,377.264190082013,256.219830671003,258.430422896738,74.4961339902488,122.544193746204,104.984677346785,102.341638169254,216.365833387083,382.768719357762,89.6760053323337,89.6760053323337,322.215573662609,377.264190082013,101.342001769061,310.39200714925,104.984677346785,118.807375111396,250.190699573107,402.696645135789,277.480666195643,89.5746603203935,118.941979327752,100.03541091844,499.168687828065,337.986132519049,500.799539004717,259.203553584288,269.596964142083,265.021093956256,264.587279864653,249.851837635554,269.596964142083,124.259305745336,264.285962868156,395.630882678466,281.672353959086,245.417674509493,88.9893286097051,381.197328109757,254.63353169907,96.5688030366314,98.810182747719,386.373857863571,274.553740544247,97.6933467612876,262.824560700093,73.5178361891172,138.304796734587,98.7355929160772,308.055950929891,114.221130830997,137.142584274767,387.835125538973,504.27958236004,253.939728811244,360.754617483883,95.7300596029931,96.3730107634687,79.3790407925559,244.941307168596,381.678891067517,377.264190082013,84.764936003116,0,96.3730107634684,86.4051059625744,265.021093956256,98.8101827477189,232.026097228572,91.1981405434749,249.753340735864,254.63353169907,90.6113567249459,110.766211925923,81.00022421104,267.258859362284,105.874811371233,95.7300596029929,122.544193746204,97.2332189047754,259.447407662158,262.578902000099,244.941307168596,236.601896464198,124.259305745335,500.56847541308,267.320967983962,379.273392843545,81.00022421104,92.8622161984932,303.703703563778,134.918115830029,83.2721671321064,102.179942731688,83.1733211281346,76.9314255414824,203.256128771853,381.197328109757,94.2894617379883,89.6760053323334,281.672353959086,268.905407106147,94.2894617379883,122.544193746204,110.766211925923,88.9893286097051,377.264190082013,84.7649360031162,56.304838711006,379.761248808568,267.320967983962,91.1981405434749,377.264190082013,96.5688030366314,92.8622161984932,454.305223222993,495.326164690227,249.753340735864,264.226480470639,377.264190082013,91.9239381492283,257.755977596203,106.352681125334,259.447407662158,97.2332189047754,305.03244956654,117.972975145977,309.582227764585,261.287969198206,486.44540384855,98.7355929160772,87.3048656350599,98.7355929160772,87.7426708502656,87.2677855143142,81.6387284772492,266.390782881705,340.902133869641,249.753340735864,100.426053123724,84.1995831923844,274.865027792179,79.3790407925559,332.337691419643,102.946738303955,124.259305745335,497.580173148445,98.7355929160772,86.4051059625744,270.650527165859,110.492592159795,309.582227764585
502.541678785672,137.601328014477,392.891011181185,120.279183193964,137.446343292406,276.596339103198,152.797640697443,147.861901963802,266.909274535064,137.446343292406,270.242146297532,277.160369015528,255.55801658892,273.383003933404,504.882910072499,443.255645029178,304.533770454188,294.510379702396,502.695627721902,178.638742919801,285.439406920182,134.274929587321,494.885861537923,143.429450084627,147.077794855133,117.515036158536,73.7583339072216,313.403649971258,172.068737126226,129.452010548445,423.252657072222,119.84223880263,391.499547305694,308.010460893022,143.429450084627,266.909274535064,276.282960441542,383.6972659841,263.752968540343,265.974073782928,122.374286174381,104.616528483599,152.797640697443,93.3189739746029,225.414585555558,389.284993696313,137.446472512331,137.446472512331,329.006122347318,383.6972659841,97.9956003067918,317.276652100711,152.797640697443,129.095377425261,255.228934523604,409.179000550123,281.112573083571,137.446343292406,130.633620888533,147.861901963802,504.694480416873,344.205310756878,506.316343453001,266.690654870395,276.943630654966,272.369046053526,271.995715688885,257.454195126203,276.943630654966,172.068737126226,272.016352245281,400.696050779798,288.354885971253,253.164742307974,60.2261165499096,387.711319101887,262.150257656423,144.213040517645,80.6098653012278,392.891011181185,281.724831832646,145.502238407035,270.242146297532,120.636885784561,149.638923746101,49.9564602759314,314.922921510688,149.237731353588,123.435752519128,394.43388240111,509.802244243428,261.632586255909,366.827643527048,143.55516562735,0,127.08148726513,252.763557776248,388.120500787535,383.6972659841,71.768973343226,96.3730107634684,0,134.274929587321,272.369046053526,80.6098653012283,240.132450985035,56.6513357607662,257.32713144516,262.150257656423,129.108310262869,158.57669261529,122.952031026175,274.376299872865,130.810990383986,143.55516562735,104.6165284836,145.079260354936,266.909274535064,270.389847708408,252.763557776248,244.514329898168,172.068737126227,506.196713029372,274.686568734977,385.786472703376,122.952031026175,52.4867888516382,310.643805096186,95.2861615611077,125.443666154229,94.9054557380504,123.071581973128,124.684643729704,212.532166842243,387.711319101887,142.060835220708,137.446472512332,288.354885971253,276.282960441542,142.060835220708,104.6165284836,158.57669261529,60.2261165499103,383.6972659841,71.7689733432262,108.182156058474,386.189297479042,274.686568734977,56.6513357607662,383.6972659841,144.213040517645,52.4867888516382,460.836311282284,500.84975094948,257.32713144516,271.711139236555,383.6972659841,58.3420102459268,265.253475457351,154.174763610939,266.909274535064,145.079260354936,311.738140944457,130.307445297774,316.442555172351,268.818388268087,491.840082303148,49.9564602759317,72.2819410559223,49.9564602759317,69.794251874779,135.164379070924,129.452010548445,273.731447297766,347.146887025568,257.32713144516,54.2452417066301,131.985650922526,282.451554275877,127.081487265131,338.884423414261,150.775454837774,172.068737126227,503.004640856262,49.9564602759317,134.274929587321,278.016975082626,124.145978445032,316.442555172351
526.342594020445,21.7214767397685,415.361747504504,44.618925602503,15.2819885650036,298.389842540524,33.3801011100853,28.1729651688365,288.132649236804,15.2819885650036,291.52444489876,298.763590108352,276.543530300915,294.689537948426,528.619822610586,465.715018824171,326.750210563868,316.005447508914,526.479533010791,201.494281171572,307.65581325071,0,518.807393451047,23.4237626833814,189.142410551186,70.5487808081435,130.249590118838,335.217129609697,52.7131362958097,23.6998467875455,445.781461042165,121.429353356228,414.090103370686,329.89752818045,23.4237626833814,288.132649236804,297.616734527066,406.284412623345,284.880348767211,287.086020249827,37.7587883384328,157.099965023605,33.3801011100853,136.70759628389,244.495008659109,411.756896487349,21.1772147463109,21.1772147463109,351.119088754964,406.284412623345,135.032514941726,339.262273617208,33.3801011100853,147.844697926682,279.715345544358,431.696320660839,307.398033089228,15.2819885650036,147.456804069946,28.1729651688365,528.476871385692,367.083591097615,530.110556101948,287.87940350989,298.318901863917,293.744932594606,293.289691674523,278.490381826151,298.318901863917,52.7131362958097,292.870232802112,425.091545913708,310.624956087559,274.00534470346,128.148410422969,410.186242422333,283.30116059518,34.5414010542322,138.545285044716,415.361747504504,303.336123961019,26.1974484875655,291.52444489876,48.9269385906018,166.524348000111,136.576767016381,336.931295412976,124.065925723123,171.047365279865,416.796748876411,533.588507869573,282.537880152762,389.894781633685,23.6923524749065,134.274929587321,30.3092408519823,273.498144779382,410.695656208063,406.284412623345,125.007945044452,86.4051059625744,134.274929587321,0,293.744932594606,138.545285044716,260.493466388194,130.071133104855,278.402655510056,283.30116059518,94.7801873846875,39.2069535603173,81.2760028074194,296.062926589235,127.571745336955,23.6923524749065,157.099965023605,25.2316157783522,288.132649236804,291.135654109952,273.498144779382,265.1354413077,52.7131362958099,529.844668286864,296.037520496145,408.262607118203,81.2760028074194,131.464736498951,332.555087321724,172.937692394348,79.0738248686354,136.302019242151,87.1309969453694,33.9544503700974,231.315215381704,410.186242422333,24.9305384708529,21.1772147463108,310.624956087559,297.616734527066,24.9305384708529,157.099965023605,39.2069535603173,128.148410422969,406.284412623345,125.007945044452,83.8482171035047,408.782745422962,296.037520496145,130.071133104855,406.284412623345,34.5414010542324,131.464736498951,483.288573696385,524.635259954491,278.402655510056,292.901391505449,406.284412623345,130.804802641229,286.428873939084,34.6042692358164,288.132649236804,25.2316157783522,333.971906537385,146.274550463876,338.459910397085,289.94757174692,515.795827553825,136.576767016381,127.364230808425,136.576767016381,127.59855982291,13.4099588415599,23.6998467875452,295.116494923736,369.989872240532,278.402655510056,138.030853927579,21.2771537798812,303.498250995312,30.3092408519823,361.325908770321,31.0946757776584,52.7131362958099,526.92139751235,136.576767016381,0,299.365150845355,138.882725673917,338.459910397085
471.925258697662,297.172301477997,333.450443885756,279.472283543523,296.931266275197,187.235143090584,312.23671030848,307.316498681255,131.636726793537,296.931266275197,114.800378046272,153.940931924136,162.641946086265,128.133949032747,472.962164587041,383.573767937095,233.841492230588,217.977777799777,471.639468170058,248.634139612029,222.722759003535,293.744932594606,466.902338282114,302.891018726145,286.580905898604,278.109906542291,278.190533757333,239.258597639035,331.505821058368,288.835912387963,364.64890450963,256.78062962226,332.271961126503,232.995930587016,302.891018726145,131.636726793537,147.284134734786,324.036239676177,148.536386384946,155.366103928173,281.758795299462,272.322042469784,312.23671030848,259.640696128627,213.491566744982,329.867694738347,296.816518833716,296.816518833716,254.1902421301,324.036239676177,257.482170857948,242.663758126818,312.23671030848,250.860810028248,274.282927979385,350.276327091136,305.707620013781,296.931266275197,251.528952247376,307.316498681255,473.579882278239,295.427734804678,475.446214794019,140.026239818337,144.354907227791,0,119.009020609194,159.921165316033,144.354907227791,331.505821058368,201.840510707465,385.365334417636,227.262515481205,171.667059413776,272.253536906352,328.367117665483,148.16717855707,303.454297651576,286.029904544823,333.450443885756,161.403362682311,304.92635800108,114.800378046272,279.373492118809,259.143866493387,273.978073254336,242.451688743678,295.599270969564,279.59405544303,332.287923802187,478.688868335639,187.984303820054,320.986321439108,302.999313601071,272.369046053526,286.349350455686,179.246814384475,328.397665852638,324.036239676177,273.946136531132,265.021093956256,272.369046053526,293.744932594606,0,286.029904544823,192.081453058618,272.7725003183,159.884630091662,148.16717855707,279.907082397211,318.014459155849,277.577866676876,170.949913862471,263.828070516301,302.999313601071,272.322042469784,304.554002379926,131.636726793537,202.594363236018,179.246814384475,182.576428285848,331.505821058368,472.371236218215,119.576283996891,326.463704796751,277.577866676876,272.837811694037,235.553787043056,311.078333817419,279.934335618232,258.535086976011,275.797690432678,283.980819075805,214.367728757208,328.367117665483,301.436371523818,296.816518833716,227.262515481205,147.284134734787,301.436371523818,272.322042469784,318.014459155849,272.253536906352,324.036239676177,273.946136531132,270.837278909328,326.84507571844,119.576283996891,272.7725003183,324.036239676177,303.454297651576,272.837811694037,401.002067022676,469.868310391575,159.884630091662,155.994036792267,324.036239676177,273.507343604384,141.122119873814,313.634127869583,131.636726793537,304.554002379926,240.273130729934,251.686748101352,243.880205717446,158.268675673596,464.611937388668,273.978073254336,275.746482671008,273.978073254336,275.003643920647,294.668117390472,288.835912387963,88.9587491554081,296.316000587183,159.884630091662,274.118454530651,291.355906197331,209.131986004698,286.349350455686,273.942318867997,310.238932319895,331.505821058368,475.037201271068,273.978073254336,293.744932594606,155.241147191289,253.992991817428,243.880205717446
516.713400819651,141.835564159771,406.783389985613,124.686105552965,141.707850646628,290.341809533375,157.065775592705,152.125965704033,280.538790847078,141.707850646628,283.883904100246,290.868042787621,269.138479221553,287.030151615665,519.041006586772,457.145645798021,318.367598032825,308.199412832305,516.86384399437,192.49803940331,299.271577500819,138.545285044716,509.083039318162,147.693382242649,165.470494540227,121.753553985694,33.4777038549437,327.158555118724,176.33656680125,133.759701121419,437.157047784075,129.255712502827,405.415460775642,321.780348286673,147.693382242649,280.538790847078,289.93607517181,397.612149462543,277.362968275053,279.58139794394,126.71335093747,125.781536008651,157.065775592705,111.264678845997,238.610546045963,403.177616236545,141.744959704169,141.744959704169,342.821880344322,397.612149462543,114.061611617651,331.066736112864,157.065775592705,141.741220461243,269.521750393026,423.080965170523,295.807228955416,141.707850646628,142.917881921158,152.125965704033,518.862408351503,358.178242351415,520.486781918556,280.313363479531,290.605220996923,286.029904544823,285.640083309227,271.044915366679,290.605220996923,176.33656680125,285.573541832464,414.991341055213,302.198271957075,266.715945336759,63.0799298798261,401.604576203356,275.764524432132,148.548242234795,0,406.783389985613,295.43457879063,149.778703545409,283.883904100246,125.16267857463,162.085316246594,79.9128082334586,328.718019602707,156.188394088814,143.276658357355,408.303570108701,523.971090208756,275.199931802134,380.841960693192,147.825167276359,80.6098653012283,131.429101831524,266.294912621465,402.033131162623,397.612149462543,48.3019320819189,98.8101827477189,80.6098653012283,138.545285044716,286.029904544823,0,253.584616657068,63.169570613178,270.925536063978,275.764524432132,135.349429428478,162.844573202484,128.516540406808,288.100232774085,139.893508194114,147.825167276359,125.781536008652,149.338135830466,280.538790847078,283.924903136257,266.294912621465,258.019749611768,176.33656680125,520.335973106376,288.342782647045,399.679982175655,128.516540406808,67.3824135876592,324.418638871888,111.449510887866,130.961722183536,112.281747891407,129.029333388317,129.034456128743,225.6647602558,401.604576203356,146.355142768283,141.744959704169,302.198271957075,289.936075171811,146.355142768283,125.781536008652,162.844573202484,63.0799298798263,397.612149462543,48.301932081919,112.290290434709,400.105637130201,288.342782647045,63.169570613178,397.612149462543,148.548242234795,67.3824135876592,474.724823389142,515.01825680691,270.925536063978,285.33480279288,397.612149462543,60.330869327942,278.873232360448,158.434676020617,280.538790847078,149.338135830466,325.576048164717,142.421867318507,330.239467723807,282.429429331954,506.044471183939,79.9128082334586,41.3361107963712,79.9128082334586,42.8536813898195,139.422780156256,133.759701121419,287.394407501871,361.112962648974,270.925536063978,83.47990280834,136.291539625933,296.048306965845,131.429101831524,352.766929512814,155.03522287227,176.33656680125,517.200675270979,79.9128082334586,138.545285044716,291.673220877691,135.832584198427,330.239467723807
469.152770577084,263.923604478754,336.734094455895,246.215195434654,263.680112269241,209.797179132724,278.983987201741,274.064275744108,181.492985199649,263.680112269241,186.89849380662,203.655090497583,160.222316407203,190.97543148155,470.527405259363,386.897547599416,246.989890431229,219.880500799552,468.963820417921,216.358720773388,230.062433330809,260.493466388194,463.48380128198,269.639057510487,256.25396482229,244.900957789434,245.733052920397,244.835442787052,298.253004676842,255.58237243717,368.050570379761,223.042235959604,338.048401704191,240.76301271619,269.639057510487,181.492985199649,194.914711278115,330.381743983638,174.962952886044,177.320071371663,248.506334468941,240.917153057782,278.983987201741,227.622779651523,160.98650116872,333.148233148963,263.562134557704,263.562134557704,266.470294856764,330.381743983638,225.334980877821,251.969482615336,278.983987201741,217.64508409285,253.798430349251,353.772318686334,288.882903833151,263.680112269241,218.068851082242,274.064275744108,470.914687321522,298.933169561087,472.71994480395,180.22977000502,196.75902282503,192.081453058618,189.101638836787,164.326764500241,196.75902282503,298.253004676842,186.702381082832,378.650915322791,234.053689023916,151.622674716374,239.871310000001,331.63086928157,173.893908987634,270.196169417887,253.584616657068,336.734094455895,208.230370757789,271.673319102083,186.89849380662,246.103640315923,225.263846360672,241.77381850062,250.067314928012,261.9210554806,248.541760183212,336.26228229243,476.012802023848,175.463782131696,323.288850811318,269.746856861914,240.132450985035,253.092807079494,157.74825161579,334.418211185461,330.381743983638,241.46232142762,232.026097228572,240.132450985035,260.493466388194,192.081453058618,253.584616657068,0,240.429092774808,165.818785790906,173.893908987634,246.393254875807,284.761673596287,244.195000795375,204.03405782239,229.734022153148,269.746856861914,240.917153057782,271.302406390944,181.492985199649,183.633778898937,157.74825161579,120.907197563257,298.253004676842,470.420119715809,193.637196868632,329.726010692937,244.195000795375,240.527474006858,243.860844286085,278.862914414561,246.539768544688,226.499541187611,242.356920376891,250.725418650563,165.482178932868,331.63086928157,268.182038618879,263.562134557704,234.053689023916,194.914711278114,268.182038618879,240.917153057782,284.761673596287,239.871310000001,330.381743983638,241.46232142762,237.703609841102,332.903426205877,193.637196868632,240.429092774808,330.381743983638,270.196169417887,240.527474006858,404.351843393087,467.180598045966,165.818785790906,186.041188405322,330.381743983638,241.167769706517,178.154859895192,280.381987280085,181.492985199649,271.302406390944,254.036466288877,218.149698374816,251.762328771139,181.059431669974,461.008296647363,241.77381850062,243.277442364758,241.77381850062,242.555377103148,261.417570301363,255.58237243717,193.710234543567,300.662295312935,165.818785790906,241.951816923585,258.101795692477,200.067287017225,253.092807079494,284.232733569496,276.986943016244,298.253004676842,471.626544146099,241.77381850062,260.493466388194,197.183256555946,220.620990658628,251.762328771139
503.206857641415,133.383959654256,393.413100009868,116.123801058919,133.239747390446,277.043070527224,148.594919681124,143.657493974402,267.296687897043,133.239747390446,270.635827910991,277.587785598714,255.920320274537,273.779453555924,505.541106336725,443.776515901657,305.025756664842,294.9283377594,503.359011602116,179.141205551804,285.930508348161,130.071133104855,495.56408244336,139.224647934247,149.906286535096,113.257159731821,56.69206378873,313.855329805896,167.866033792156,125.261498298292,423.780895055311,118.070917503484,392.033658559634,308.469805269583,139.224647934247,267.296687897043,276.68247249583,384.230843170189,264.130398273788,266.350145763929,118.191570751312,108.838408400258,148.594919681124,95.961896314398,225.580271463438,389.807207350226,133.254434535907,133.254434535907,329.488930790778,384.230843170189,99.6132826395578,317.74633160608,148.594919681124,128.964260857965,255.955711477639,409.705995497383,282.045685292075,133.239747390446,130.318580293957,143.657493974402,505.35771698739,344.768560362244,506.980866459296,267.074591241976,277.347479274401,272.7725003183,272.390737870849,257.821744988278,277.347479274401,167.866033792156,272.366833982242,401.424510413474,288.851731885843,253.512083253995,36.8369742467419,388.23385781151,262.529857993418,140.036237600055,63.169570613178,393.413100009868,282.153318927802,141.302217577502,270.635827910991,116.534764297459,149.411971314921,56.4671474524194,315.395174577952,146.275032685769,126.996727385598,394.944347037345,510.46595242744,261.988255949831,367.412129279059,139.352640338004,56.6513357607662,122.906692409003,253.100786517564,388.652929250103,384.230843170189,56.0375269020913,91.1981405434749,56.6513357607662,130.071133104855,272.7725003183,63.169570613178,240.429092774808,0,257.698604782547,262.529857993418,125.804300594943,154.373971505404,119.323219794042,274.812017861133,128.887249240986,139.352640338004,108.838408400258,140.872637535581,267.296687897043,270.729003416086,253.100786517564,244.838222705622,167.866033792157,506.84525772349,275.087656990717,386.309140645048,119.323219794042,32.7741017966942,311.10568030062,90.7179276476026,121.797828089995,97.2354761062629,119.628742652819,120.508998900826,212.665362688112,388.23385781151,137.8674858527,133.254434535908,288.851731885844,276.682472495831,137.8674858527,108.838408400258,154.373971505404,36.8369742467423,384.230843170189,56.0375269020915,103.821942427036,386.723623335024,275.087656990717,0,384.230843170189,140.036237600055,32.7741017966942,461.356419700609,501.513282527831,257.698604782547,272.095579377189,384.230843170189,31.531640766253,265.635896299157,149.969201791955,267.296687897043,140.872637535581,312.232226662269,129.905688849989,316.915736175966,269.196366613464,492.52199766477,56.4671474524195,55.723913850403,56.4671474524195,52.1231776403964,130.956056864036,125.261498298292,274.135982274813,347.706635991981,257.698604782547,61.1505356469093,127.795412543415,282.82228210763,122.906692409003,339.40137726459,146.56964289355,167.866033792157,503.682274077113,56.4671474524195,130.071133104855,278.418093548368,123.519171007938,316.915736175966
468.390444955207,281.830827514163,332.742118231861,264.128339786076,281.589081393945,192.901118525052,296.894076128966,291.974007950881,138.917685924632,281.589081393945,150.863983989184,181.37509235551,107.111538247053,161.9783889109,469.576422498718,382.883875481616,236.774698080056,216.134181256176,468.153016418774,233.353117769283,221.361600013988,278.402655510056,463.071645563227,287.548602629668,272.134844872581,262.779816569797,263.082502476811,239.522332132781,316.163160610036,273.493028089214,363.996412415193,241.291569612104,332.77841245446,234.462700920988,287.548602629668,138.917685924632,171.130487185141,324.811632220489,132.43303680357,148.034336306692,266.416206634619,257.534815050182,296.894076128966,244.660681766659,193.631687679685,329.15792570011,281.473398003135,281.473398003135,258.159461072541,324.811632220489,242.46094084562,245.005408031743,296.894076128966,235.498252982158,262.542852689309,349.668641745928,295.956114641784,281.589081393945,236.097127283835,291.974007950881,470.099636193237,294.234251158782,471.938645531682,142.868133314659,173.085974956003,159.884630091662,156.844801676011,89.2192438855253,173.085974956003,316.163160610036,191.683857407798,379.919451450136,225.844973287897,135.749301283462,257.167939622124,327.649706722092,110.62781157805,288.110093770737,270.925536063978,332.742118231861,187.557209886279,289.583630455591,150.863983989184,264.025841852167,243.575955147172,258.946079752049,243.880577777063,280.133996805271,264.917244998484,331.898288123953,475.207966425198,178.229116742037,319.589849854296,287.656754214938,257.32713144516,271.005590206599,162.358359958311,329.025449936322,324.811632220489,258.830193640391,249.753340735864,257.32713144516,278.402655510056,159.884630091662,270.925536063978,165.818785790906,257.698604782547,0,110.62781157805,264.488859708001,302.671807396399,262.197314177901,183.584946622969,248.240428292939,287.656754214938,257.534815050182,289.211692015513,138.917685924632,190.878627168281,162.358359958311,150.790446958898,316.163160610036,469.204471703458,165.273755894714,325.745585758972,262.197314177901,257.773852971598,237.324261247158,296.043095112684,264.550538913103,243.54901994786,260.400353247717,268.637384660918,195.049428770361,327.649706722092,286.093267679507,281.473398003135,225.844973287898,171.130487185142,286.093267679507,257.534815050182,302.671807396399,257.167939622124,324.811632220489,258.830193640391,255.528860557676,327.483807633682,165.273755894714,257.698604782547,324.811632220489,288.110093770737,257.773852971598,400.324102136636,466.374056878169,0,161.534766772011,324.811632220489,258.434641876935,134.641248758615,298.291661677318,138.917685924632,289.211692015513,243.906933626605,236.234509977788,245.455520616535,155.314398499789,460.696140762178,258.946079752049,260.634979132448,258.946079752049,259.898352922739,279.326107070095,273.493028089214,163.962921289345,295.666902363953,0,259.097829735365,276.012859701791,201.722489452655,271.005590206599,276.411683400952,294.896509320234,316.163160610036,471.203357407881,258.946079752049,278.402655510057,175.483821765267,238.597488873038,245.455520616535
469.567606740786,286.729135850998,332.633411036237,269.02726586112,286.48756330419,192.480354613203,301.792666036195,296.87256330849,113.586612488497,286.48756330419,133.76760782635,176.58368775433,121.868414030097,150.285837660805,470.705313048199,382.764195480201,236.856121979085,215.46151202656,469.306622658028,238.289788032191,222.685538208138,283.30116059518,464.360242044746,292.447140157579,276.800737885837,267.675380907913,267.922424662571,238.691655492653,321.061756667203,278.391684027656,363.912842265286,246.227899399743,332.666438425451,233.456252007374,292.447140157579,113.586612488497,162.635720118815,324.692806897499,111.637352975661,138.092275731181,271.314796108346,262.291825927999,301.792666036195,249.468950848822,199.428717719031,329.050220670477,286.37210892598,286.37210892598,257.0532343322,324.692806897499,247.280313583452,243.953299113678,301.792666036195,240.410222250086,266.56128244004,349.569811981196,299.288184955102,286.48756330419,241.02588004554,296.87256330849,471.249001752812,295.13772035798,473.09753984282,124.289508596868,164.858292317607,148.16717855707,142.805583117063,110.000773412923,164.858292317607,321.061756667203,192.794437945924,381.867476943495,227.165440814012,144.205579988619,262.002186242716,327.545654695541,0,293.009069116692,275.764524432132,332.633411036237,182.683552207864,294.482243878981,133.76760782635,268.925678189161,248.54249119981,263.766625382568,243.013485994139,285.062427227302,269.645023165713,331.65116328908,476.351940178243,178.963273271515,320.336476305509,292.555326689475,262.150257656423,275.90446257588,164.524175445761,328.888181999093,324.692806897499,263.672133046115,254.63353169907,262.150257656423,283.30116059518,148.16717855707,275.764524432132,173.893908987634,262.529857993418,110.62781157805,0,269.405949279329,307.570401416512,267.105263374106,181.552092158678,253.199697679685,292.555326689476,262.291825928,294.110203716509,113.586612488497,192.448702450827,164.524175445761,160.941992187816,321.061756667203,470.256068591953,154.421830359567,325.642348432478,267.105263374106,262.602572255369,236.286557416897,300.864441249427,269.459232250088,248.359018234971,265.312420118667,273.5361791236,200.899404254315,327.545654695541,290.991973675526,286.37210892598,227.165440814012,162.635720118815,290.991973675526,262.291825928,307.570401416512,262.002186242716,324.692806897499,263.672133046116,260.419159265897,327.374563313492,154.421830359567,262.529857993418,324.692806897499,293.009069116692,262.602572255369,400.19744342591,467.533645863205,110.62781157805,152.833572137256,324.692806897499,263.265580147612,108.76177367764,303.190210802663,113.586612488497,294.110203716509,243.735741818826,241.167818266534,244.57218973022,146.752314823765,462.017141878501,263.766625382568,265.475786492887,263.766625382568,264.737583566418,284.224546724499,278.391684027656,153.155904014693,296.363436263492,110.62781157805,263.915459961246,280.911554231419,202.137709626636,275.90446257588,276.245054648437,299.795048107841,321.061756667203,472.500826764293,263.766625382568,283.30116059518,168.097337490829,243.514299109141,244.57218973022
513.10236359036,98.4895692908845,401.791432085149,79.9894364056231,98.0068036616012,284.663102896701,113.192819919738,108.307694219503,274.255311552074,98.0068036616012,277.662033883808,284.984361197302,262.605041658338,280.832382820313,515.364150845835,452.141864165539,313.12940870516,302.189313124258,513.234925329865,188.295830452612,294.039039833281,94.7801873846875,505.596789669234,103.900460756081,179.58861701099,85.465910749116,127.115063157001,321.482419519084,132.459531833937,89.6216636271053,432.226004824307,104.03346557619,400.553483423299,316.182232843006,103.900460756081,274.255311552074,283.765714773175,392.74771002475,270.977630249688,273.178064972529,82.6955037174993,148.934268270531,113.192819919738,128.445508217719,230.045676602665,398.186873528759,97.5515357001847,97.5515357001847,337.463671727289,392.74771002475,126.210497912996,325.572651670948,113.192819919738,134.575624495806,266.69914275604,418.138050524068,294.771100143763,98.0068036616012,133.668085886504,108.307694219503,515.231817851157,353.626585272087,516.868369527318,273.992331498992,284.478758452363,279.907082397211,279.42978108033,264.565402032028,284.478758452363,132.459531833937,278.888147818149,412.001881174991,297.021612210042,260.028034538909,124.105158480002,396.61696818114,269.405949279329,103.784816668777,135.349429428478,401.791432085149,289.557959128255,105.835294992125,277.662033883808,78.4719574803783,152.3464658791,131.378275272751,323.246735866772,79.9702347075438,162.282270778374,403.199767676537,520.344167853244,268.570153080344,376.480442118239,103.96238819779,129.108310262869,86.7853722794065,259.488498450997,397.155334872885,392.74771002475,122.018590588472,90.6113567249459,129.108310262869,94.7801873846875,279.907082397211,135.349429428478,246.393254875807,125.804300594943,264.488859708001,269.405949279329,0,118.968922811216,65.2357994964463,282.307469553885,106.254615798478,103.962388197789,148.934268270531,105.597451224857,274.255311552074,277.125380102283,259.488498450997,251.103028114337,132.459531833937,516.567294045389,282.192021074289,394.693638269731,65.2357994964463,126.952426315638,318.846139639341,167.920268354572,62.1826738049779,127.831342536474,55.7351661178329,84.5546951071319,216.79506475011,396.61696818114,102.19613705377,97.5515357001843,297.021612210042,283.765714773175,102.19613705377,148.934268270531,118.968922811216,124.105158480002,392.74771002475,122.018590588472,88.0408016921692,395.24728294061,282.192021074289,125.804300594943,392.74771002475,103.784816668777,126.952426315638,469.713642919618,511.391161818942,264.488859708001,279.013096387282,392.74771002475,126.570206639037,272.53886504276,114.634120276907,274.255311552074,105.597451224857,320.354319836891,132.279804336152,324.777754627857,276.043643426211,502.593649771898,131.378275272751,124.29487425067,131.378275272751,124.313524165663,95.8003591556893,89.6216636271049,281.280472167947,356.522768258052,264.488859708001,132.620115497392,92.0894360666279,289.566278824022,86.7853722794062,347.757433709565,111.249996831342,132.459531833937,513.709941475582,131.378275272751,94.7801873846872,285.517434154846,125.113698310926,324.777754627857
550.615034884806,44.1418430413133,439.632558820994,69.1314779440022,35.9514661977825,322.659946622733,16.6608664785205,23.6402969633142,312.401975782587,35.9514661977825,315.793845309777,323.033412726058,300.812550012528,318.958959666586,552.892189042196,489.985816045277,351.02083556975,340.275034891332,550.751951726839,225.767907980388,331.926476328691,39.2069535603173,543.079979154342,27.8008950931847,213.430923766815,94.9695532976307,154.550822468667,359.487128127948,23.601742804488,48.9348575034686,470.052348572758,145.694715794831,438.361100827271,354.167628271734,27.8008950931847,312.401975782587,321.886182545257,430.555413219871,309.149544046122,311.35518228028,62.3906780314932,181.393307462998,16.6608664785205,161.002229884288,268.761373291873,436.027709264329,41.5475787022886,41.5475787022886,375.389501931859,430.555413219871,159.325846886772,363.532505932372,16.6608664785205,172.120855001826,303.989075053785,455.967194550376,331.673474508195,35.9514661977825,171.730954984366,23.6402969633142,552.749287646858,391.355015721705,554.382986246746,312.148676692422,322.588405774779,318.014459155849,317.559102022216,302.759471866158,322.588405774779,23.601742804488,317.138973419798,449.364739159175,334.895685150253,298.274161260184,152.452304172805,434.457058865042,307.570401416512,55.584705628595,162.844573202484,439.632558820994,327.605946922487,30.8829221146291,315.793845309777,73.3577684928977,190.795805820041,160.877846914892,361.201549352925,148.259462972379,195.338712550381,441.067430074103,557.860926747144,306.80670153556,414.16639777577,28.0295376601661,158.57669261529,54.9181600890501,297.766768902365,434.966636036353,430.555413219871,149.312232151917,110.766211925923,158.57669261529,39.2069535603173,318.014459155849,162.844573202484,284.761673596287,154.373971505404,302.671807396399,307.570401416512,118.968922811216,0,105.521412488547,320.332880270347,151.819121950317,28.0295376601661,181.393307462998,29.8828614561047,312.401975782587,315.404250362992,297.766768902365,289.403990631119,23.6017428044879,554.116929189965,320.307002129855,432.533425101432,105.521412488547,155.767163572548,356.825220332913,197.238648156249,103.270963981182,160.596081428886,111.35618121493,58.6040824766805,255.581289419651,434.457058865042,40.7962551386664,41.5475787022885,334.895685150253,321.886182545257,40.7962551386664,181.393307462998,0,152.452304172805,430.555413219871,149.312232151917,108.21444799294,433.05375061324,320.307002129855,154.373971505404,430.555413219871,55.5847056285953,155.767163572548,507.559362107557,548.907681594407,302.671807396399,317.170649811588,430.555413219871,155.107201008793,310.698135022649,24.6610585973789,312.401975782587,29.8828614561047,358.242542252168,170.547990886035,362.73017705869,314.216751785961,540.068454527349,160.877846914892,151.666844779842,160.877846914892,151.901351447435,38.9474176638189,48.9348575034687,319.386027957772,394.261241614049,302.671807396399,162.33146373566,46.2561260402664,327.767248006573,54.9181600890502,385.596773574232,26.7307979660722,23.6017428044879,551.19398024332,160.877846914892,39.2069535603173,323.634613383293,163.158342605914,362.73017705869
510.478398704417,84.9796764670531,399.33073752673,65.8593530718616,84.5137607275381,282.277914217791,99.7419568693693,94.8446634051525,271.945831389722,84.5137607275381,275.345144236701,282.625878893443,260.326048859504,278.51302219114,512.747764194746,449.682576658033,310.691780397543,299.85065558131,510.61314496317,185.614761267369,291.598833391047,81.2760028074194,502.958214729453,90.4287228162724,175.226751257678,71.4415080185309,120.250397866863,319.103162412172,119.013586548755,76.0611554175599,429.757884859101,102.925144170352,398.075528599814,313.793198954786,90.4287228162724,271.945831389722,281.443427753036,390.269684994882,268.680915558209,270.884161345093,68.8714924263592,143.974905852909,99.7419568693693,123.454467193478,228.0244297918,395.726033837972,84.0803018000201,84.0803018000201,335.044466253787,390.269684994882,121.42111047674,323.170743722113,99.7419568693693,131.798650912696,263.95762422159,415.671316074828,291.844479147389,84.5137607275381,131.133634477897,94.8446634051525,512.610266917177,351.108115023268,514.245409453855,271.687835011453,282.151013637204,277.577866676876,277.11172177828,262.279599530521,282.151013637204,119.013586548755,276.632521392537,409.30308791369,294.574760125574,257.768641370904,117.535364083395,394.155758633902,267.105263374106,90.3746108260353,128.516540406808,399.33073752673,287.199097156772,92.3761207792763,275.345144236701,64.0578696399481,150.053659081075,125.244525987234,320.842418412653,97.7812773199462,157.576668701897,400.752233745535,517.722295556307,266.307155393078,373.941475532707,90.4957419437478,122.952031026175,73.1532870898415,257.246062590751,394.679192084908,390.269684994882,115.085551668071,81.00022421104,122.952031026175,81.2760028074194,277.577866676876,128.516540406808,244.195000795375,119.323219794042,262.197314177901,267.105263374106,65.2357994964463,105.521412488547,0,279.936784604491,107.501358454232,90.4957419437483,143.97490585291,92.1227807322309,271.945831389722,274.8838832748,257.246062590751,248.870869272743,119.013586548756,513.961590260204,279.866810251851,392.232276821598,0,120.561505019146,316.453916408077,161.725469748752,47.6841878261739,122.920187287998,49.0478392642242,70.8330975456132,214.807738560074,394.155758633902,88.7397643575431,84.0803018000203,294.574760125574,281.443427753036,88.7397643575431,143.97490585291,105.521412488547,117.535364083395,390.269684994882,115.085551668071,76.9378285812839,392.768691984662,279.866810251851,119.323219794042,390.269684994882,90.3746108260357,120.561505019146,467.255235436004,508.769115163212,262.197314177901,276.709461841385,390.269684994882,120.082536971393,270.235755846586,101.174123089808,271.945831389722,92.1227807322309,317.915262643064,129.83749608474,322.372222074973,273.74779544563,499.950916873891,125.244525987235,117.399699331729,125.244525987235,117.491201634862,82.2956302633349,76.06115541756,278.950425580052,354.009475755511,262.197314177901,126.567389950438,78.5680076256444,287.28555226724,73.1532870898418,345.294474054575,97.7853387963358,119.013586548756,511.071745247611,125.244525987235,81.2760028074198,283.193561115096,122.487613630365,322.372222074973
471.42520167996,299.489426344386,337.455341154507,281.791984518423,299.249164956405,133.7816015028,314.555110932259,309.634739597316,180.384954294999,299.249164956405,179.045200885988,149.187510972522,187.045725316491,183.108417944588,472.459232735734,387.635825186387,213.74569027305,229.925268204812,471.242719050187,250.436294500467,202.092325653143,296.062926589235,466.20256871519,305.209175426025,288.038462030493,280.414360536789,280.26453124066,247.805835071622,333.824252267268,291.15454762547,368.233991913243,259.243337049543,332.309891534986,240.375046325364,305.209175426025,180.384954294999,187.775722098045,323.147572289507,185.26995213279,189.901751323326,284.077064985798,274.084422412453,314.555110932259,261.577923864559,222.100587901603,333.866690143266,299.135432555444,299.135432555444,255.306081269187,323.147572289507,259.455654969242,248.209422621406,314.555110932259,253.132812075186,272.105102965633,353.884648964297,303.754465384591,299.249164956405,253.878441469549,309.634739597316,473.212418041724,287.209914257773,475.070472562126,183.941146075542,185.151312256416,170.949913862471,181.120267349862,185.691143296537,185.151312256416,333.824252267268,217.526547462835,382.774714748561,207.791277766494,192.761183552864,274.304691197386,332.351371889767,181.552092158678,305.774390434211,288.100232774085,337.455341154507,166.338799989951,307.244854790257,179.045200885988,281.697188177386,261.607782695159,275.975826455422,248.411119799629,298.05203714267,281.255372781127,336.771695067487,478.395355663502,204.686500762138,316.893010854726,305.317626544607,274.376299872865,288.668919824994,198.096666960576,328.314257944355,323.147572289507,276.028058060053,267.258859362284,274.376299872865,296.062926589235,170.949913862471,288.100232774085,204.03405782239,274.812017861133,183.584946622969,181.552092158678,282.307469553885,320.332880270347,279.936784604491,0,266.407160667946,305.317626544607,274.084422412453,306.872044099054,180.384954294999,218.376757696018,198.096666960576,197.053150879746,333.824252267268,471.950925479717,180.303514505544,330.441844138998,279.936784604491,274.867379929224,242.487325088694,313.079569938407,282.297152039717,260.476781271737,278.174743380658,286.300021118946,221.293120517907,332.351371889767,303.755272642261,299.135432555444,207.791277766494,187.775722098045,303.755272642261,274.084422412453,320.332880270347,274.304691197386,323.147572289507,276.028058060053,273.117925574511,326.353047829356,180.303514505544,274.812017861133,323.147572289507,305.774390434211,274.867379929224,405.099901773533,469.426086413885,183.584946622969,192.213477276882,323.147572289507,275.545755147142,182.925589438029,315.952343932616,180.384954294999,306.872044099054,222.763082542135,254.062155650092,249.620081597859,192.449463868916,463.850020107564,275.975826455422,277.823959069808,275.975826455422,277.074836930119,296.985823284158,291.15454762547,173.477778926621,288.979770985428,183.584946622969,276.104964028746,293.674725690535,224.171839350162,288.668919824994,265.635822880304,312.557099789634,333.824252267268,474.231281713651,275.975826455422,296.062926589235,190.565689279112,256.327017606745,249.620081597859
498.354878177001,131.070814487619,386.314786707547,113.107443308199,130.768435427736,268.824789551441,146.042095682645,141.131927350622,258.089545056127,130.768435427736,261.52949397067,269.034288899889,246.304084695126,264.712694798988,500.582243543912,436.658960403904,297.527137643442,286.170295381655,498.477838060867,173.517140326762,278.441990470443,127.571745336955,490.91504391073,136.711338424838,173.024156034041,113.026194105247,131.796420789026,305.641804962267,165.310121617967,122.599577259767,416.781419970712,80.6293221964084,385.14686091363,300.383227616464,136.711338424838,258.089545056127,267.660675365715,377.340168042375,254.756761047899,256.947394045277,115.531753038245,145.20516108624,146.042095682645,125.092528202817,212.635086818104,382.710870133337,130.570123340318,130.570123340318,321.793355237375,377.340168042375,122.022642669231,309.829255374603,146.042095682645,119.752183162723,252.425211639242,402.687178926645,281.38687810669,130.768435427736,117.402971286518,141.131927350622,500.473781280919,338.389685771486,502.116712479986,257.806185113435,268.397395245864,263.828070516301,263.303404699213,248.29367871856,268.397395245864,165.310121617967,262.507391627755,397.586290611564,281.454497087819,243.643346189201,127.579050507518,381.142630991621,253.199697679685,137.112484394634,139.893508194114,386.314786707547,273.611399604051,138.720719124819,261.52949397067,112.654925473415,134.823471899497,132.956200093172,307.515373472759,117.863363159016,157.357574876059,387.663666900006,505.587837382064,252.218480361301,361.341676031347,136.807605124247,130.810990383986,120.025281667075,243.0404549423,381.740382287059,377.340168042375,126.996244906824,105.874811371233,130.810990383986,127.571745336955,263.828070516301,139.893508194114,229.734022153148,128.887249240986,248.240428292939,253.199697679685,106.254615798478,151.819121950317,107.501358454232,266.407160667946,0,136.807605124248,145.20516108624,138.383277305223,258.089545056127,260.683200961101,243.0404549423,234.593781575161,165.310121617968,501.73714126312,266.097712226646,379.219966586917,107.501358454232,129.648625040051,303.060823890262,169.748132170108,109.709004290881,124.127355926687,103.951312955223,117.680996037792,199.204546259697,381.142630991621,135.194983085108,130.570123340318,281.454497087819,267.660675365715,135.194983085108,145.20516108624,151.819121950317,127.579050507519,377.340168042375,126.996244906824,107.910718861647,379.842803638629,266.097712226646,128.887249240986,377.340168042375,137.112484394634,129.648625040051,454.226821768084,496.635141613318,248.240428292939,262.82644827619,377.340168042375,129.672040600953,256.345570480084,147.452254084597,258.089545056127,138.383277305223,304.760262846494,115.447077741265,309.051514683887,259.822428574437,487.930591290521,132.956200093172,129.107939120698,132.956200093172,128.825227643709,128.519216975189,122.599577259767,265.206147189198,341.264489603862,248.240428292939,133.84123496131,125.108858576485,273.294658261274,120.025281667075,332.275146619063,144.059980724296,165.310121617968,499.026131026315,132.956200093172,127.571745336955,269.420190995501,109.526552308287,309.051514683887
535.59917604057,29.3126157574713,424.617101539016,54.0329965443803,20.4919942439193,307.644654600505,21.8068754239806,16.7758111743834,297.386880261818,20.4919942439193,300.778731547455,308.018193235757,285.797530858836,303.943841294517,537.87634828515,474.970362247982,336.005415396341,325.259880763932,535.736098418023,210.751615069875,316.911044205011,23.6923524749065,528.064084817626,14.3323451158111,198.411416000189,79.9129329096669,139.530778972963,344.471871371252,41.6261724592579,33.7008472123353,455.036872117595,130.678627419473,423.345594911045,339.152345683548,14.3323451158111,297.386880261818,306.871058241508,415.539906031029,294.134481729168,296.340129189043,47.269621450443,166.372910050766,21.8068754239806,145.981257660414,253.747027773425,421.012251620138,26.0545258381225,26.0545258381225,360.374139728832,415.539906031029,144.304969495955,348.517189987709,21.8068754239806,157.103504193398,288.972872257746,440.951721422545,316.656879964434,20.4919942439193,156.714021835055,16.7758111743834,537.73343497933,376.339399694505,539.367130196218,297.133595069832,307.573267382044,302.999313601071,302.543986143982,287.744434860397,307.573267382044,41.6261724592579,302.124031884662,434.348693584748,319.880236801439,283.259193812519,137.430742923288,419.44160032148,292.555326689476,40.6007890957169,147.825167276359,424.617101539016,312.590728032867,16.3259281936553,300.778731547455,58.2697830562365,175.77966298868,145.85654607957,346.186228545153,133.25739665186,180.31866372752,426.052004655541,542.845073564458,291.791738736161,399.150737247829,0,143.55516562735,39.7468827967927,282.751853442391,419.951134374539,415.539906031029,134.291216470269,95.7300596029929,143.55516562735,23.6923524749065,302.999313601071,147.825167276359,269.746856861914,139.352640338004,287.656754214938,292.555326689476,103.962388197789,28.0295376601661,90.4957419437483,305.317626544607,136.807605124248,0,166.372910050766,19.395187652088,297.386880261818,300.389345151028,282.751853442391,274.389088452234,41.6261724592577,539.101114210334,305.291868651815,417.517966173754,90.4957419437478,140.74582107385,341.809929409809,182.217508099959,88.2534893803517,145.575179280998,96.3387490000256,43.4605980189639,240.567007730292,419.44160032148,25.7202155926627,26.0545258381224,319.880236801439,306.871058241508,25.7202155926627,166.372910050766,28.0295376601661,137.430742923289,415.539906031029,134.29121647027,93.1739195780091,418.038242507012,305.291868651815,139.352640338004,415.539906031029,40.600789095717,140.74582107385,492.543910487252,533.891827506648,287.656754214938,302.155573083881,415.539906031029,140.086046321253,295.683056050936,24.5340273040352,297.386880261818,19.395187652088,343.227120165709,155.531189481093,347.714852996241,299.201694512349,525.052550066252,145.85654607957,136.646361558529,145.85654607957,136.880666543626,23.6868535931999,33.7008472123352,304.370881161611,379.245639970731,287.656754214938,147.31019570429,30.9474321446395,312.752242002401,39.7468827967925,370.581296893322,21.8356395376208,41.6261724592577,536.178086462538,145.85654607957,23.6923524749065,308.619485747028,148.140826798059,347.714852996241
500.340857927084,160.464459194601,391.863016579185,142.983318904655,160.277871245166,276.222302360273,175.614528527693,170.684074089419,266.987228046431,160.277871245166,270.270231411792,276.925909557395,255.832803210867,273.386290472889,502.741159682091,442.2375582199,303.795480062459,294.320953675316,500.5087777684,178.70612669663,284.722237290133,157.099965023605,492.577038870348,166.253640920311,120.246240952017,140.650037985372,118.42864263973,312.946846307863,194.885191190529,152.242241564912,422.17573931159,134.082566892551,390.387240147852,307.494826097475,166.253640920311,266.987228046431,276.259454473187,382.592087489889,263.907047982906,266.134900640701,145.155257998499,0,175.614528527693,98.82465718603,227.166551479589,388.25598635163,160.235481546623,160.235481546623,328.311829903039,382.592087489889,104.604796388589,316.680686760003,175.614528527693,135.307069164279,252.752872928502,408.112383384237,276.717861892057,160.277871245166,137.708316535927,170.684074089419,502.508514449884,342.885244573102,504.119551223623,266.793289359141,276.886724312792,272.322042469784,272.011699921895,257.689343287656,276.886724312792,194.885191190529,272.35534105667,397.991499504277,287.591475115824,253.552053664766,109.992614229638,386.679650769506,262.291825928,166.955537970665,125.781536008652,391.863016579185,281.478649431145,168.312687345187,270.270231411792,143.17340251748,155.575149832518,104.145441599821,314.303995051624,167.761565117827,78.0673335495762,393.501287349139,507.611272362956,261.933892680114,365.318679682513,166.372910050766,104.6165284836,149.826853187066,253.215337736795,387.022383710365,382.592087489889,115.235129192753,122.544193746204,104.6165284836,157.099965023605,272.322042469784,125.781536008652,240.917153057782,108.838408400258,257.534815050182,262.291825928,148.934268270531,181.393307462998,143.97490585291,274.084422412453,145.20516108624,166.372910050766,0,167.908419211523,266.987228046431,270.816757144132,253.215337736795,245.088937019996,194.885191190529,504.135544445523,274.654189735322,384.75376052988,143.974905852909,107.577709660223,310.108625766706,141.269922093898,146.47898260906,100.063578053765,143.448153801132,147.437328025754,214.546360527692,386.679650769506,164.852697469038,160.235481546623,287.591475115824,276.259454473187,164.852697469038,0,181.393307462998,109.992614229638,382.592087489889,115.235129192752,131.891493705399,385.076830073632,274.654189735322,108.838408400258,382.592087489889,166.955537970665,107.577709660223,459.824429145401,498.662199841514,257.534815050182,271.804818733925,382.592087489889,109.27975204304,265.369536967797,176.999211506005,266.987228046431,167.908419211523,310.979022709542,137.84011129341,315.816635576073,268.963008495859,489.500775540926,104.145441599821,116.444942059784,104.145441599821,114.948373475789,158.002171651286,152.242241564912,273.674279587667,345.850416861081,257.534815050182,102.52166962809,154.772487756049,282.63271243539,149.826853187066,337.930554810599,173.601118157074,194.885191190529,500.702128036724,104.145441599821,157.099965023605,277.979584013801,133.432263370215,315.816635576073
537.151900779848,28.3118027871787,426.170913038116,55.6259039963621,20.6019320963583,309.198977594231,24.4403765519466,16.4249972120189,298.941698810632,20.6019320963583,302.333501131966,309.57268935798,287.352550141264,305.498593871763,539.429123843906,476.524183095376,337.559390632769,326.81450085252,537.288837558974,212.304221078486,318.465005746388,25.2316157783522,529.616712058756,14.0137140576884,199.951838049802,81.4272983802826,141.044286849546,346.026223424697,43.2646279616094,35.6059776633093,456.590634492024,132.244277561527,424.899294668419,340.706633593625,14.0137140576884,298.941698810632,308.425790893868,417.093605955201,295.68938381709,297.895048853801,48.8551731337383,167.908419211523,24.4403765519466,147.517796307467,255.303725813115,422.566062155433,30.0408114279188,30.0408114279188,361.928230026593,417.093605955201,145.843714989934,350.071393237311,24.4403765519466,158.656544301508,290.524863739229,442.505493041106,318.207587932179,20.6019320963583,158.26867435307,16.4249972120189,539.286175585861,377.892836921243,540.919861366326,298.688445816567,309.127964236619,304.554002379926,304.098747647458,289.299409670656,309.127964236619,43.2646279616094,303.679198475981,435.900923032052,321.434154257996,284.814340959652,138.950077896621,420.99540839669,294.110203716509,43.9276037830848,149.338135830466,426.170913038116,314.145220871991,24.749400910487,302.333501131966,59.9062252782919,177.335427116643,147.38048799816,347.740415324842,134.874381449401,181.856325736833,427.605903743095,544.397811815341,293.346857400542,400.704034500716,19.395187652088,145.079260354936,41.6186735463328,284.307108685812,421.504846286479,417.093605955201,135.805330904486,97.2332189047754,145.079260354936,25.2316157783522,304.554002379926,149.338135830466,271.302406390944,140.872637535581,289.211692015513,294.110203716509,105.597451224857,29.8828614561047,92.1227807322309,306.872044099054,138.383277305223,19.395187652088,167.908419211523,0,298.941698810631,301.944604518219,284.307108685812,275.944415723088,43.2646279616093,540.653961189502,306.846582872142,419.071773240948,92.1227807322307,142.266882717192,343.36419637335,183.740470929983,89.9116378972685,147.112504472056,97.9633252265556,45.1558709107007,242.12393048936,420.99540839669,30.8552145332453,30.0408114279184,321.434154257996,308.425790893868,30.8552145332453,167.908419211523,29.8828614561046,138.950077896621,417.093605955201,135.805330904486,94.6921854245076,419.591938397205,306.846582872142,140.872637535581,417.093605955201,43.9276037830848,142.266882717192,494.097737181794,535.444564973015,289.211692015513,303.710428318333,417.093605955201,141.605680063441,297.237916302333,21.5728480457423,298.941698810631,0,344.781084982354,157.086485390665,349.269031830439,300.756601077471,526.605149579767,147.38048799816,138.160144979156,147.38048799816,138.39563343649,23.9311452078407,35.6059776633092,305.925564066543,380.799110481137,289.211692015513,148.83500308084,33.2509477820063,314.307243582754,41.6186735463326,372.135100700039,16.2744148189773,43.2646279616093,537.730716515829,147.38048799816,25.231615778352,310.174207654056,149.695621496588,349.269031830439
470.632132685968,291.560435228042,332.326593518196,273.8591587557,291.319029686502,192.921099047779,306.624236433577,301.704100431743,0,291.319029686502,95.6540503582698,171.209083643307,140.730603621044,130.602515119813,471.719651083992,382.445693394223,237.096442545389,214.650989937977,470.34556355037,243.159728311712,224.403564017144,288.132649236804,465.542746276999,297.27866010209,281.408287955186,272.50403909498,272.697588912604,237.612695285324,325.893332998727,283.223317653284,363.630500810996,251.095666100035,332.351562977244,232.142788594906,297.27866010209,0,150.038072184063,324.3748989374,109.112741634672,131.232442057896,276.146365479086,266.987228046431,306.624236433577,254.213720509688,205.145504324431,328.744462691895,291.203795619147,291.203795619147,255.598948357673,324.3748989374,252.035772465947,242.566917352851,306.624236433577,245.254537333583,270.585564385308,349.27079996032,302.598092985711,291.319029686502,245.886248642692,301.704100431743,472.28322640011,296.032926143154,474.14175507075,93.4965260910072,152.592592779601,131.636726793537,116.496882464482,135.959518428913,152.592592779601,325.893332998727,194.218960737267,383.761194130068,228.836842347538,154.577762092557,266.771894464339,327.243832952718,113.586612488497,297.841010214085,280.538790847078,332.326593518196,176.672742260297,299.313836858261,95.6540503582698,273.758446489312,253.438910438279,268.523159580949,241.853551941174,289.922704539766,274.312263219196,331.194297001314,477.379780011595,180.08015329845,320.990399291265,297.386880261818,266.909274535064,280.73630427281,167.781627985311,328.545834438367,324.3748989374,268.449236787979,259.447407662158,266.909274535064,288.132649236804,131.636726793537,280.538790847078,181.492985199649,267.296687897043,138.917685924632,113.586612488497,274.255311552074,312.401975782587,271.945831389722,180.384954294999,258.089545056127,297.386880261818,266.987228046431,298.941698810631,0,194.38976122414,167.781627985312,170.165250584719,325.893332998727,471.189030554068,136.635570745331,325.341372884886,271.945831389722,267.366965840014,234.929508492776,305.621744123164,274.30051875476,253.105456670864,270.156947306242,278.367945779468,206.628944581147,327.243832952718,295.823655678674,291.203795619147,228.836842347538,150.038072184063,295.823655678674,266.987228046431,312.401975782587,266.771894464339,324.3748989374,268.449236787979,265.242752025069,327.065063029929,136.635570745331,267.296687897043,324.3748989374,297.841010214085,267.366965840014,399.871503242792,468.579286185875,138.917685924632,142.214865913134,324.3748989374,268.032106976182,84.6132267970596,308.021741941478,0,298.941698810632,243.627206062634,246.03255024686,243.390758060248,138.9393455201,463.233999617986,268.523159580949,270.25180180907,268.523159580949,269.51208303375,289.055972430046,283.223317653284,136.664237539984,297.016564739259,138.917685924632,268.669190597403,285.743225044369,202.733256222753,280.736304272811,275.963521341191,304.626569287643,325.893332998727,473.693775619164,268.523159580949,288.132649236804,157.555120379305,248.363264475152,243.390758060248
473.339642516311,294.564841574677,325.500784926656,276.859593903811,294.32217975802,226.049558247305,309.626546901371,304.706677176719,194.38976122414,294.32217975802,197.315150039747,212.419437677219,183.550469391469,196.63750482895,474.386109344104,375.497411439077,258.865719729851,184.944945518494,472.857115137598,247.603495405632,247.511242369448,291.135654109952,468.693180231171,300.281379254057,285.64060511258,275.529482501923,276.078251111704,222.197483243228,328.895589954013,286.225319256996,357.971784839148,253.891611891143,334.491805497813,222.56085206589,300.281379254057,194.38976122414,196.077032904818,328.162554260166,187.844254123671,183.885581397287,279.149041549462,270.816757144132,309.626546901371,257.809811259601,196.208505597655,321.932329141076,294.205305218404,294.205305218404,260.10159438622,328.162554260166,255.58564576343,238.059397180544,309.626546901371,248.438206828119,280.0220213095,343.601221601265,310.319587168878,294.32217975802,248.945059276401,304.706677176719,474.74140518342,308.792752642452,476.623163618524,190.382490636798,198.477540112134,202.594363236018,197.116869578603,187.012393643014,198.477540112134,328.895589954013,94.7184768542043,390.529425622924,251.137537233112,176.513611093335,270.187054377437,320.457158812428,192.448702450827,300.840606072185,283.924903136257,325.500784926656,213.829687245809,302.316001671315,197.315150039747,276.752476011683,256.373781345062,272.017194878624,234.5316390509,292.705876794571,278.278666267449,323.644686027811,479.70820640368,113.012090828391,328.912896184648,300.389345151028,270.389847708408,283.736827017087,144.37221470015,330.963327115163,328.162554260166,271.818131494466,262.578902000099,270.389847708408,291.135654109952,202.594363236018,283.924903136257,183.633778898937,270.729003416086,190.878627168281,192.448702450827,277.125380102283,315.404250362992,274.8838832748,218.376757696018,260.683200961101,300.389345151028,270.816757144132,301.944604518219,194.38976122414,0,144.37221470015,180.591101870736,328.895589954013,473.64779687003,199.627215742308,318.570722619815,274.8838832748,270.81405267557,226.897101200493,309.110269458562,277.231567480594,256.697256449644,273.065904433889,281.369087990228,202.649719119512,320.457158812428,298.825174321089,294.205305218404,251.137537233112,196.077032904818,298.825174321089,270.816757144132,315.404250362991,270.187054377437,328.162554260166,271.818131494466,268.3071154813,330.150495795293,199.627215742308,270.729003416086,328.162554260166,300.840606072185,270.81405267557,392.84748161953,471.172980593712,190.878627168281,187.572570657981,328.162554260166,271.465930030711,191.06595949214,311.02435564592,194.38976122414,301.944604518219,264.021884535454,249.04471630588,236.788826992192,184.625352538436,466.52005277709,272.017194878624,273.627295764867,272.017194878624,272.897002995875,292.059440673833,286.225319256996,202.084016582844,308.822931672694,190.878627168281,272.179711014448,288.744913086109,134.384905619416,283.736827017087,289.309503653172,307.629264888898,328.895589954013,477.026526366516,272.017194878624,291.135654109952,196.218440607961,251.40815689921,236.788826992192
461.967977051926,276.927325657829,319.825826358761,259.221989682547,276.684674731633,206.150515789681,291.989063595105,287.069187457818,167.781627985312,276.684674731633,172.130095899978,192.520166949066,152.237000650257,172.568455073016,463.09534945821,369.88909248396,241.810103287725,190.419317676949,461.595677639508,229.621787377101,229.100624978912,273.498144779382,456.994394771483,282.643884981238,268.089696238006,257.891520421346,258.448018987655,220.856509059351,311.258109370992,268.587796548525,351.709861976046,236.240131806249,324.802821391924,218.509238348138,282.643884981238,167.781627985312,173.668235628753,317.790867367214,158.668454425334,153.84740057268,261.511466033321,253.215337736795,291.989063595105,240.181322284774,178.928781479467,316.25000426599,276.567810035435,276.567810035435,250.132964663458,317.790867367214,237.950350589783,231.806441009759,291.989063595105,230.741076130488,262.295775495615,337.356263082864,293.974986156157,276.684674731633,231.248703915606,287.069187457818,463.507098943646,293.961431245194,465.3667158398,162.874558019919,176.87272874017,179.246814384475,172.418260243324,156.956716329056,176.87272874017,311.258109370992,147.536104028614,376.545663861396,232.950298692353,141.157486282214,252.557996133123,314.760475376622,164.524175445761,283.203127123077,266.294912621465,319.825826358761,194.852124564385,284.678513507709,172.130095899978,259.114879935231,238.6460323588,254.391911398222,229.478579838283,275.070769361763,260.691869626055,318.398845168563,468.533222347545,131.194831841205,316.013892586557,282.751853442391,252.763557776248,266.099295048976,0,321.179991322946,317.790867367214,254.187376235412,244.941307168596,252.763557776248,273.498144779382,179.246814384475,266.294912621465,157.74825161579,253.100786517564,162.358359958311,164.524175445761,259.488498450997,297.766768902365,257.246062590751,198.096666960576,243.0404549423,282.751853442391,253.215337736795,284.307108685812,167.781627985312,144.37221470015,0,151.020578663739,311.258109370991,462.542757708583,176.490862742227,312.865514675237,257.246062590751,253.186494803212,222.162552723546,291.48495617612,259.594195594061,239.067100427261,255.428122223234,263.731537286601,184.618470429415,314.760475376622,281.187685747446,276.567810035435,232.950298692353,173.668235628753,281.187685747446,253.215337736795,297.766768902365,252.557996133123,317.790867367214,254.187376235412,250.668674652767,320.062083633201,176.490862742227,253.100786517564,317.790867367214,283.203127123077,253.186494803212,387.280431801452,459.870532775042,162.358359958311,160.844793867039,317.790867367214,253.837864979592,163.252316158487,293.386867570677,167.781627985311,284.307108685812,247.59127475876,231.351251458898,231.419075786658,155.35049279707,454.723440298487,254.391911398222,255.996835074996,254.391911398222,255.266902057803,274.421929874199,268.587796548525,179.200203917118,294.539433056384,162.358359958311,254.55529396325,271.107401484697,162.976911413131,266.099295048976,275.275962323366,289.991774348449,311.258109370991,465.243538029563,254.391911398222,273.498144779382,174.813290527971,233.732909106806,231.419075786658
466.795353646102,268.564864672036,332.756719755434,250.858613587694,268.322006955968,203.625128272432,283.626288016378,278.706447171836,170.165250584719,268.322006955968,176.474965437131,196.031084471386,143.277853130159,181.264331047082,468.099643840784,382.906476325346,242.297494138588,214.912094230438,466.579622745959,220.658653745865,225.909235049635,265.1354413077,461.27419309507,274.28116113257,260.157663290696,249.531918581267,250.171292256712,239.938221462307,302.895329713385,260.224881466986,364.10240438997,227.808519654802,334.036857818718,235.765464714759,274.28116113257,170.165250584719,185.899131502168,326.345365660205,162.489151731692,165.859246892048,253.148561069527,245.088937019996,283.626288016378,231.947532205355,171.238504612524,329.172096932247,268.2048632216,268.2048632216,261.467118677545,326.345365660205,229.691796703781,246.982719194169,283.626288016378,222.267250221286,255.123299126271,349.80530383891,289.601549886962,268.322006955968,222.755040436806,278.706447171836,468.526447037694,295.656934159786,470.345046140806,168.866187501387,187.972213752039,182.576428285848,179.031728063511,148.624364455693,187.972213752039,302.895329713385,183.116373561725,377.216137720067,230.02568430439,131.964142970873,244.290315202936,327.659363251078,160.941992187816,274.839865098393,258.019749611768,332.756719755434,200.74509934558,276.315701075289,176.474965437131,250.750352692967,230.054106568583,246.147533555445,245.236099347028,266.673449580182,252.625401990619,332.111177270565,473.622203461446,170.933973308517,320.128163557878,274.389088452234,244.514329898168,257.736090451777,151.020578663739,330.376259856163,326.345365660205,245.907269653078,236.601896464198,244.514329898168,265.1354413077,182.576428285848,258.019749611768,120.907197563257,244.838222705622,150.790446958898,160.941992187816,251.103028114337,289.403990631119,248.870869272743,197.053150879746,234.593781575161,274.389088452234,245.088937019996,275.944415723088,170.165250584719,180.591101870736,151.020578663739,0,302.895329713385,467.886662314462,184.259703998051,325.755484427707,248.870869272743,244.92817979798,238.851514910405,283.239513826873,251.218692195314,230.828504412491,247.047751058714,255.368405714397,174.674873978811,327.659363251078,272.8247544113,268.2048632216,230.02568430439,185.899131502168,272.8247544113,245.088937019996,289.403990631119,244.290315202937,326.345365660205,245.907269653078,242.315084158698,328.885598426961,184.259703998051,244.838222705622,326.345365660205,274.839865098393,244.92817979798,400.35204960052,464.801799386761,150.790446958898,175.992179684783,326.345365660205,245.575938259588,166.250097276992,285.02413760978,170.165250584719,275.944415723088,249.297226124247,222.85653959674,246.921810721643,170.268896908211,458.841318955015,246.147533555445,247.718626772846,246.147533555445,246.991259167947,266.059308028869,260.224881466986,184.426529631499,297.236712126137,150.790446958898,246.315973417761,262.74445268821,195.820170817392,257.736090451777,279.900064826483,281.629054160669,302.895329713385,469.421444853387,246.147533555445,265.135441307701,188.493283035708,225.288107056494,246.921810721643
564.106464096196,57.6275120512527,453.123950206995,82.6290619619815,49.4490723992838,336.15132218723,31.0893504371167,37.1935282393596,325.893332998727,49.4490723992838,329.285204241009,336.524781557599,314.303900065964,332.450319049587,566.383616541747,503.477207103395,364.512223201389,353.766397779176,564.24338041946,239.259373304906,345.417865007524,52.7131362958099,556.571411714984,41.3036828710764,226.922708997223,108.464068699433,168.042851623838,372.978500640044,0,62.43975372044,483.543741754183,159.186119914194,451.852496713141,367.659003193434,41.3036828710764,325.893332998727,335.377542501829,444.046809210552,322.640898162521,324.846535557445,75.8896911596145,194.885191190529,31.0893504371167,174.494147529465,282.252660546572,449.519100684383,55.0718788111585,55.0718788111585,388.880884278125,444.046809210552,172.817743452685,377.023883972479,31.0893504371167,185.612404335502,317.4805357574,469.458587417484,345.164973111873,49.4490723992838,185.222463906352,37.1935282393596,566.240716280287,404.846421826703,567.874415200058,325.640032621998,336.079767048154,331.505821058368,331.050461161901,316.250823584309,336.079767048154,0,330.630316407846,462.856185911732,348.387075357134,311.765506495644,165.944385849391,447.94845036989,321.061756667203,69.098208476839,176.33656680125,453.123950206995,341.097315717259,44.4943606158597,329.285204241009,86.8547192436488,204.287245953883,174.369877918165,374.692927864126,161.749648917817,208.830556162619,454.558818454321,571.352355433406,320.298046489435,427.657808154532,41.6261724592577,172.068737126227,68.4210339009936,311.258109370991,448.458031518906,444.046809210552,162.804317196413,124.259305745335,172.068737126227,52.7131362958099,331.505821058368,176.33656680125,298.253004676842,167.866033792157,316.163160610036,321.061756667203,132.459531833937,23.6017428044879,119.013586548756,333.824252267268,165.310121617968,41.6261724592577,194.885191190529,43.2646279616093,325.893332998727,328.895589954013,311.258109370991,302.895329713385,0,567.608354254335,333.798362924553,446.024816642343,119.013586548755,169.259218716193,370.316596033019,210.730676141263,116.762524497262,174.087988905194,124.847685283158,72.1047568775681,269.072570499816,447.94845036989,54.3340347360642,55.0718788111583,348.387075357134,335.377542501829,54.3340347360642,194.885191190529,23.601742804488,165.944385849391,444.046809210552,162.804317196413,121.707807034193,446.545146696777,333.798362924553,167.866033792156,444.046809210552,69.0982084768391,169.259218716193,521.050752960811,562.399110358459,316.163160610036,330.662005314904,444.046809210552,168.599254818191,324.189490693593,37.3293362562913,325.893332998727,43.2646279616094,371.733930085722,184.039486549923,376.221555872919,327.708105463658,553.559888042994,174.369877918165,165.158899186176,174.369877918165,165.393409913912,52.4442399280085,62.43975372044,332.877389987134,407.752646388693,316.163160610036,175.823486126747,59.7649991574815,341.258597026006,68.4210339009935,399.088166603166,39.9470000469325,0,564.685412745763,174.369877918165,52.7131362958097,337.125973660335,176.649897826251,376.221555872919
411.835298603223,533.266088929046,478.033115228745,515.5845587119,533.030310262239,474.975064270272,548.339052725341,543.417786168133,471.189030554068,533.030310262239,472.121437988791,470.884738568469,467.617827167599,472.241942808281,356.475991234046,529.661899501526,488.913016111481,463.009428132656,424.273382561881,486.355427124024,481.199870885651,529.844668286864,436.649825514093,538.991759975831,515.554222403165,514.120392265567,512.524801923169,463.325340615195,567.608354254335,524.940173809565,504.300832194962,493.997543821013,506.312271343362,457.034233404271,538.991759975831,471.189030554068,472.087958926692,506.284403903066,469.809841528896,470.006290845554,517.860965806327,504.135544445523,548.339052725341,493.033581261867,478.264130902657,474.301511083005,532.922488490421,532.922488490421,480.76889242273,506.284403903066,491.215915884571,464.194066552554,548.339052725341,487.356976903117,497.051526663331,492.017044848311,492.184084842936,533.030310262239,488.506939627314,543.417786168133,431.882545119509,503.9048371154,437.894578040394,470.394233038552,471.800469631576,472.371236218215,472.37044531495,468.708971534075,471.800469631576,567.608354254335,470.884081485506,501.867939447534,482.793589339142,467.470789502415,506.416794593542,472.364333248246,470.256068591953,539.568270914241,520.335973106376,478.033115228745,472.468704410957,541.029400789914,472.121437988791,515.513220102845,497.196904347531,507.727198353158,456.0826970891,532.603374327429,510.504488580527,493.18235919332,453.281062570202,460.199864591872,491.951565536363,539.101114210334,506.196713029372,522.460120672719,462.542757708583,505.509509302623,506.284403903066,508.341321790934,500.56847541308,506.196713029372,529.844668286864,472.371236218215,520.335973106376,470.420119715809,506.84525772349,469.204471703458,470.256068591953,516.567294045389,554.116929189965,513.961590260204,471.950925479717,501.73714126312,539.101114210334,504.135544445523,540.653961189502,471.189030554068,473.64779687003,462.542757708583,467.886662314462,567.608354254335,0,472.595513618557,470.315971989551,513.961590260204,506.834038899424,459.290495402842,544.851242778862,516.341223926777,491.982541135184,512.305311461848,520.089209221161,475.113142144509,472.364333248246,537.542205485366,532.922488490421,482.793589339142,472.087958926692,537.542205485366,504.135544445523,554.116929189965,506.416794593542,506.284403903066,508.341321790934,506.688693843438,505.183645481826,472.595513618557,506.84525772349,506.284403903066,539.568270914241,506.834038899424,548.037145620982,412.943786960193,469.204471703458,471.86341232335,506.284403903066,507.570477825594,470.425828667164,549.735229642651,471.189030554068,540.653961189502,491.816737469627,488.796013886781,457.853636014271,471.373396510359,441.28619620928,507.727198353158,510.107481196822,507.727198353158,509.317083123299,530.76587654544,524.940173809565,472.214995085895,500.809386322601,469.204471703458,507.779343249098,527.461350964041,472.874070833151,522.460120672719,499.79327007855,546.339717731812,567.608354254335,439.559571628922,507.727198353158,529.844668286864,472.287863296885,490.624504312654,457.853636014271
472.258540908355,299.464969479396,331.81203179355,281.764739004491,299.223861812169,194.883674855723,314.529255547382,309.609059786063,136.635570745331,299.223861812169,118.641218337821,161.444352858141,164.708074933973,88.4617993246131,473.261294270114,381.914134783322,237.40985537405,214.077573950812,471.931853473893,251.092374924683,227.471440361465,296.037520496145,467.362214501149,305.183588478579,288.924597863564,280.403833166997,280.503149948792,236.025867160871,333.798362924553,291.128445270444,363.126495979222,259.063542863538,331.564497245602,229.910825524219,305.183588478579,136.635570745331,118.574697818606,323.540897756247,147.563379868351,148.367462815608,284.051373618675,274.654189735322,314.529255547382,261.965447890949,214.804321499178,328.231378223239,299.109020263046,299.109020263046,252.588141805162,323.540897756247,259.805741873801,239.99824020048,314.529255547382,253.175375384984,277.095101686385,348.737616128854,307.935770437879,299.223861812169,253.835728164287,309.609059786063,473.86242972005,297.289625630756,475.737548406897,135.463193054136,114.85395827102,119.576283996891,97.9569738851814,163.150320539426,114.85395827102,333.798362924553,198.549753679952,386.739012892451,231.771043975206,171.927527356599,274.567886850227,326.736873684668,154.421830359567,305.746688611752,288.342782647045,331.81203179355,163.312765029137,307.218895629306,118.641218337821,281.665583476652,261.448759734974,276.296152012002,239.812872494217,297.879002715179,281.930769704665,330.438179410274,478.95039955534,184.257638450765,321.829628838086,305.291868651815,274.686568734977,288.641800790826,176.490862742227,327.701375582974,323.540897756247,276.258187529016,267.320967983962,274.686568734977,296.037520496145,119.576283996891,288.342782647045,193.637196868632,275.087656990717,165.273755894714,154.421830359567,282.192021074289,320.307002129855,279.866810251851,180.303514505544,266.097712226646,305.291868651815,274.654189735322,306.846582872142,136.635570745331,199.627215742308,176.490862742227,184.259703998051,333.798362924553,472.595513618557,0,324.835468257168,279.866810251851,275.153677139585,232.555254930132,313.396099475441,282.222819924191,260.859965267055,278.084969373092,286.273307054534,216.133717090061,326.736873684668,303.728872631011,299.109020263045,231.771043975206,118.574697818606,303.728872631011,274.654189735323,320.307002129855,274.567886850227,323.540897756247,276.258187529016,273.133491919206,326.263616815426,0,275.087656990717,323.540897756247,305.746688611752,275.153677139585,399.329070208035,470.175536006403,165.273755894714,142.00496063883,323.540897756247,275.822554143259,141.959506825639,315.926690826457,136.635570745331,306.846582872142,243.213235007597,253.990134070645,241.283431184919,148.930709802694,465.109572445323,276.296152012002,278.058850387952,276.296152012002,277.316476877557,296.960731693049,291.128445270444,98.3179970275673,297.837780114979,165.273755894714,276.437295404202,293.648419853007,205.433921850196,288.641800790826,275.076404916042,312.531500230859,333.798362924553,475.528030047283,276.296152012002,296.037520496145,133.189600989655,256.294941296538,241.283431184919
472.917657338595,411.687122919209,48.7562840135627,393.996060221172,411.448604931129,335.766301062684,426.755616427302,421.834903075433,325.341372884886,411.448604931129,325.735629108783,325.615997931708,323.070052576052,324.274148126926,473.568712241878,118.940671766512,353.107834312211,288.67311676089,469.614673332453,364.188938976266,348.444570797756,408.262607118203,474.443627409864,417.409164311664,397.613625471818,392.585047016818,391.854341292975,277.2557767461,446.024816642343,403.355772613311,249.050259592742,371.846304514158,360.009318339185,276.591569186838,417.409164311664,325.341372884886,322.470805479961,363.838444750394,323.556428414452,322.132793006751,396.277693053263,384.75376052988,426.755616427302,372.850362112545,341.262463310868,43.5845257561939,411.337177711762,411.337177711762,322.572105532129,363.838444750394,370.860509919556,289.454594529568,426.755616427302,365.613663680402,381.873351157661,243.912810602616,395.257232571297,411.448604931129,366.513407175566,421.834903075433,470.708294825712,381.392553596201,472.900382717113,323.596483474476,322.367666374247,326.463704796751,325.201988095768,324.358850495273,322.367666374247,446.024816642343,313.650769689376,440.259285861863,350.651356768585,322.428904437673,385.834285735755,28.7953115961236,325.642348432478,417.978789660949,399.679982175655,48.7562840135627,325.514894522079,419.445604623425,325.735629108783,393.910455543817,374.670020580766,387.357032573685,273.087837844276,410.549710688425,391.5817010359,229.991817811044,473.709369044135,303.772355386751,378.625282904729,417.517966173754,385.786472703376,400.872346118605,312.865514675237,359.152686986046,363.838444750394,387.63960443831,379.273392843545,385.786472703376,408.262607118203,326.463704796751,399.679982175655,329.726010692937,386.309140645048,325.745585758972,325.642348432478,394.693638269731,432.533425101432,392.232276821598,330.441844138998,379.219966586917,417.517966173754,384.75376052988,419.071773240948,325.341372884886,318.570722619815,312.865514675237,325.755484427707,446.024816642343,470.315971989551,324.835468257168,0,392.232276821598,386.33718859447,280.478490895769,424.468758221314,394.599518939138,371.772136102167,390.511623617974,398.502685981857,340.871282309692,28.7953115961237,415.956959812291,411.337177711762,350.651356768585,322.470805479961,415.956959812291,384.75376052988,432.533425101432,385.834285735755,363.838444750394,387.639604438311,385.236340573281,361.520203204033,324.835468257168,386.309140645048,363.838444750394,417.978789660949,386.33718859447,148.621876175336,469.13754869863,325.745585758973,322.600772202059,363.838444750394,387.039250890513,324.367214277249,428.152441714403,325.341372884886,419.071773240948,355.070265598375,366.732290819417,276.471824646733,322.747170629572,474.171608897337,387.357032573685,389.423304435857,387.357032573685,388.65734346045,409.184843271851,403.355772613311,325.50335347816,377.19668244886,325.745585758973,387.454377612668,405.876326137448,311.182465354971,400.872346118605,363.367505250773,424.757096131438,446.024816642343,485.233856230921,387.357032573685,408.262607118203,321.818707162423,368.79484577291,276.471824646733
510.478398704417,84.9796764670531,399.33073752673,65.8593530718616,84.5137607275381,282.277914217791,99.7419568693693,94.8446634051525,271.945831389722,84.5137607275381,275.345144236701,282.625878893443,260.326048859504,278.51302219114,512.747764194746,449.682576658033,310.691780397543,299.85065558131,510.61314496317,185.614761267369,291.598833391047,81.2760028074194,502.958214729453,90.4287228162724,175.226751257678,71.4415080185309,120.250397866863,319.103162412172,119.013586548755,76.0611554175599,429.757884859101,102.925144170352,398.075528599814,313.793198954786,90.4287228162724,271.945831389722,281.443427753036,390.269684994882,268.680915558209,270.884161345093,68.8714924263592,143.974905852909,99.7419568693693,123.454467193478,228.0244297918,395.726033837972,84.0803018000201,84.0803018000201,335.044466253787,390.269684994882,121.42111047674,323.170743722113,99.7419568693693,131.798650912696,263.95762422159,415.671316074828,291.844479147389,84.5137607275381,131.133634477897,94.8446634051525,512.610266917177,351.108115023268,514.245409453855,271.687835011453,282.151013637204,277.577866676876,277.11172177828,262.279599530521,282.151013637204,119.013586548755,276.632521392537,409.30308791369,294.574760125574,257.768641370904,117.535364083395,394.155758633902,267.105263374106,90.3746108260353,128.516540406808,399.33073752673,287.199097156772,92.3761207792763,275.345144236701,64.0578696399481,150.053659081075,125.244525987234,320.842418412653,97.7812773199462,157.576668701897,400.752233745535,517.722295556307,266.307155393078,373.941475532707,90.4957419437478,122.952031026175,73.1532870898415,257.246062590751,394.679192084908,390.269684994882,115.085551668071,81.00022421104,122.952031026175,81.2760028074194,277.577866676876,128.516540406808,244.195000795375,119.323219794042,262.197314177901,267.105263374106,65.2357994964463,105.521412488547,0,279.936784604491,107.501358454232,90.4957419437478,143.974905852909,92.1227807322307,271.945831389722,274.8838832748,257.246062590751,248.870869272743,119.013586548755,513.961590260204,279.866810251851,392.232276821598,0,120.561505019146,316.453916408077,161.725469748752,47.6841878261739,122.920187287998,49.0478392642242,70.8330975456132,214.807738560074,394.155758633902,88.7397643575431,84.0803018000203,294.574760125574,281.443427753036,88.7397643575431,143.97490585291,105.521412488547,117.535364083395,390.269684994882,115.085551668071,76.9378285812839,392.768691984662,279.866810251851,119.323219794042,390.269684994882,90.3746108260357,120.561505019146,467.255235436004,508.769115163212,262.197314177901,276.709461841385,390.269684994882,120.082536971393,270.235755846586,101.174123089808,271.945831389722,92.1227807322309,317.915262643064,129.83749608474,322.372222074973,273.74779544563,499.950916873891,125.244525987235,117.399699331729,125.244525987235,117.491201634862,82.2956302633349,76.06115541756,278.950425580052,354.009475755511,262.197314177901,126.567389950438,78.5680076256444,287.28555226724,73.1532870898418,345.294474054575,97.7853387963358,119.013586548756,511.071745247611,125.244525987235,81.2760028074198,283.193561115096,122.487613630365,322.372222074973
503.190426811587,134.781102746601,393.441328526969,117.505029864089,134.634047056303,277.095045124704,149.988118091315,145.051143711932,267.366965840014,134.634047056303,270.704158581676,277.645672847101,255.998380432576,273.84690696525,505.526866136502,443.80512409054,305.063646431387,294.988974784158,503.343136406741,179.181404259876,285.968760037344,131.464736498951,495.543574355114,140.618422825753,149.179545512342,114.66801544939,61.0423509009831,313.905497544515,169.259218716193,126.651689759655,423.807213563631,118.793463463806,392.05822262076,308.517605549301,140.618422825753,267.366965840014,276.748959375483,384.255590874756,264.203757025641,266.42390088375,119.580005854975,107.577709660223,149.988118091315,95.481616003197,225.718865344211,389.835396972669,134.644895176739,134.644895176739,329.529492098665,384.255590874756,99.4144239469439,317.790933247208,149.988118091315,129.210317236237,255.921445121433,409.732702666854,281.945644036712,134.634047056303,130.61794547001,145.051143711932,505.341885767465,344.784220849507,506.964631994801,267.145930665471,277.412625879011,272.837811694037,272.458643107353,257.898188524674,277.412625879011,169.259218716193,272.44837866074,401.388421069979,288.888195642481,253.594750846059,45.3760033519377,388.261945999274,262.602572255369,141.42263188284,67.3824135876592,393.441328526969,282.210853654336,142.694739640382,270.704158581676,117.901584701137,149.680397581271,51.5619325814864,315.438961369547,147.328013891796,125.999325049858,394.976204417519,510.449966955123,262.068211750768,367.421070462055,140.74582107385,52.4867888516382,124.292748133274,253.186494803212,388.678020984079,384.255590874756,60.3659154118626,92.8622161984932,52.4867888516382,131.464736498951,272.837811694037,67.3824135876592,240.527474006858,32.7741017966942,257.773852971598,262.602572255369,126.952426315638,155.767163572548,120.561505019146,274.867379929224,129.648625040051,140.74582107385,107.577709660223,142.266882717192,267.366965840014,270.81405267557,253.186494803212,244.92817979798,169.259218716193,506.834038899424,275.153677139585,386.33718859447,120.561505019146,0,311.152698099482,87.6740395267787,123.040227603153,96.8353371612213,120.815835881128,121.895389428161,212.8140792427,388.261945999274,139.258270490526,134.644895176739,288.888195642481,276.748959375483,139.258270490526,107.577709660223,155.767163572548,45.3760033519378,384.255590874757,60.3659154118625,105.264248576862,386.748130266614,275.153677139585,32.7741017966939,384.255590874757,141.42263188284,0,461.385265582703,501.49736438411,257.773852971598,272.166731312292,384.255590874757,35.283443819967,265.707715115501,151.363127100071,267.366965840014,142.266882717193,312.269438719369,130.230555931162,316.959237139654,269.269522990285,492.500335283917,51.5619325814862,60.1127307683631,51.5619325814862,56.8465899075951,132.350842504738,126.651689759655,274.200948138239,347.723357814655,257.773852971598,57.0763366496052,129.185469935021,282.897557968854,124.292748133274,339.431406283944,147.963646094334,169.259218716193,503.661958621779,51.5619325814862,131.464736498951,278.484074493013,123.914769757854,316.959237139654
460.946913871522,335.981087827273,287.289784842598,318.285422139575,335.741257263654,249.530685725526,351.047443674293,346.126994118472,234.929508492776,335.741257263654,234.748480529902,234.674632070072,234.149284840759,232.008951931384,461.305916055459,337.061335047054,269.989401890401,189.982933160537,459.920812866504,288.167229516182,266.918379383473,332.555087321724,458.297738305976,341.701392092701,323.666449171653,316.899856764752,316.586007671156,171.652066849714,370.316596033019,327.647124949022,319.485683271793,295.861921130023,302.5355071448,109.3945528805,341.701392092701,234.929508492776,228.8133950373,299.759747233876,233.15914546521,230.725868478627,320.569572968289,310.108625766706,351.047443674293,297.816846491091,257.931087103351,283.738891730517,335.628101045928,335.628101045928,223.491107467373,299.759747233876,295.743382969795,152.584566849771,351.047443674293,289.819688566506,309.540772516319,304.669002906308,331.556167259446,335.741257263654,290.598460940256,346.126994118472,461.686461370918,310.029743132272,463.72197340152,232.625254431278,228.649441709449,235.553787043056,233.589627442491,235.446756411752,228.649441709449,370.316596033019,221.097170058756,393.215640268689,269.602637728733,233.551382028482,310.608406311364,282.356624261125,236.286557416897,342.267714302405,324.418638871888,287.289784842598,233.08020016252,343.737257600602,234.748480529902,318.192966056521,298.492712053619,312.233759584346,146.269418370372,334.616131792002,317.158825477642,281.541314436298,466.431524017707,210.509391367817,319.482880389704,341.809929409809,310.643805096186,325.162075263785,222.162552723546,299.193886369824,299.759747233876,312.356170528956,303.703703563778,310.643805096186,332.555087321724,235.553787043056,324.418638871888,243.860844286085,311.10568030062,237.324261247158,236.286557416897,318.846139639341,356.825220332913,316.453916408077,242.487325088694,303.060823890262,341.809929409809,310.108625766706,343.36419637335,234.929508492776,226.897101200493,222.162552723546,238.851514910405,370.316596033019,459.290495402842,232.555254930132,280.478490895769,316.453916408077,311.152698099482,0,349.339550925373,318.8153261983,296.72537142816,314.702324920107,322.793011078227,258.867540911034,282.356624261125,340.247916388471,335.628101045928,269.602637728734,228.8133950373,340.247916388471,310.108625766707,356.825220332913,310.608406311364,299.759747233876,312.356170528956,309.59092090132,300.280526140352,232.555254930132,311.10568030062,299.759747233876,342.267714302405,311.152698099482,354.265599502692,458.412624149867,237.324261247158,229.92710701772,299.759747233876,311.838160656346,233.952707995623,352.444578893366,234.929508492776,343.36419637335,271.586087050699,290.783766247146,149.521118219306,230.782393129925,456.712935493738,312.233759584346,314.148344617917,312.233759584346,313.394183158833,333.477816770617,327.647124949022,233.931253911408,306.448243405279,237.324261247158,312.352952213231,330.16738205503,217.010060882257,325.162075263786,283.179208483542,349.049312488544,370.316596033019,466.971252896347,312.233759584346,332.555087321724,227.41903690436,292.9619188464,149.521118219306
541.192320087998,176.260445953355,431.573423594602,158.957297336309,176.108072114314,315.297638588424,191.459650007515,186.523556758386,305.621744123164,176.108072114314,308.95331065553,315.864856761708,294.275541020067,312.093426717574,543.535210255967,481.938323486891,343.225398612724,333.215042246947,541.346623232428,217.380997699231,324.132047114928,172.937692394348,533.533542969993,182.091185747268,184.917070961252,156.191406509863,105.670544627614,352.101353749161,210.730676141263,168.118796917343,461.933791750507,158.832134235729,430.180127724388,346.706698099677,182.091185747268,305.621744123164,314.992601237003,422.37812649857,302.467320346882,304.688466347203,161.045555879483,141.269922093898,191.459650007515,132.91915989619,264.167849973961,427.967379005115,176.111760449987,176.111760449987,367.69795280527,422.37812649857,137.500793394405,355.9708519634,191.459650007515,168.057264088084,293.879115549764,447.860417926546,319.703895575719,176.108072114314,169.59770526624,186.523556758386,543.345489327759,382.88123762258,544.967050027617,305.403670830078,315.6524341866,311.078333817419,310.706515477307,296.170752127386,315.6524341866,210.730676141263,310.73454811928,439.33352723889,327.046298046871,291.884993892635,97.1370746733741,426.393632400372,300.864441249427,182.881643132666,111.449510887866,431.573423594602,320.428906783089,184.165205696024,308.95331065553,159.325102950118,188.549812057499,83.0311316455148,353.616439282431,188.085875747995,160.72700549611,433.118884216393,548.453080311901,300.349918995773,405.497986674777,182.217508099959,95.2861615611077,165.752223212003,291.48495617612,426.801478270694,422.37812649857,105.649766217708,134.918115830029,95.2861615611077,172.937692394348,311.078333817419,111.449510887866,278.862914414561,90.7179276476026,296.043095112684,300.864441249427,167.920268354572,197.238648156249,161.725469748752,313.079569938407,169.748132170108,182.217508099959,141.269922093898,183.740470929983,305.621744123164,309.110269458562,291.48495617612,283.239513826873,210.730676141263,544.851242778862,313.396099475441,424.468758221314,161.725469748752,87.6740395267787,349.339550925373,0,164.208830267097,134.426088388273,161.871552897066,163.356115784815,251.292482324506,426.393632400372,180.725616442192,176.111760449987,327.046298046871,314.992601237003,180.725616442192,141.269922093899,197.238648156249,97.1370746733743,422.37812649857,105.649766217708,146.876879155841,424.869924076341,313.396099475441,90.7179276476025,422.37812649857,182.881643132667,87.6740395267787,499.519156424504,539.500744030328,296.043095112684,310.423755397342,422.37812649857,87.2315777456246,303.966888677021,192.835899867838,305.621744123164,183.740470929983,350.42908960153,169.276093929193,355.135902985229,307.532321831212,530.486931911791,83.0311316455147,105.104650350069,83.0311316455147,102.145743052164,173.825941299252,168.118796917343,312.440416958565,385.823293829834,296.043095112684,83.5342420489596,170.651983144704,321.165732022064,165.752223212003,377.569860201648,189.436629510757,210.730676141263,541.65254146912,83.0311316455147,172.937692394348,316.726215788852,163.17097593426,355.135902985229
512.859535865028,82.881111988824,401.697922279935,63.9143455047269,82.3216373076407,284.639670384589,97.4929230262659,92.6111475038658,274.30051875476,82.3216373076407,277.700473053053,284.984974315813,262.678027451739,280.868490159549,515.12828401517,452.049639824085,313.058010405794,302.207208974426,512.994085992293,188.018390009476,293.965586747488,79.0738248686354,505.340577178653,88.2047133706459,177.717382546962,72.9331787337421,122.696417209543,321.463345642748,116.762524497262,73.7894450420715,432.125747376626,105.446255696975,400.444506081034,316.154310201101,88.2047133706459,274.30051875476,283.799084509261,392.638726691475,271.034407566068,273.237294306582,66.8385853322854,146.47898260906,97.4929230262659,125.989309496946,230.351953348655,398.093231254023,81.752400095873,81.752400095873,337.408444510909,392.638726691475,123.968488540649,325.533046039811,97.4929230262659,134.269233990024,266.352061016257,418.039063905244,294.251069785175,82.3216373076407,133.592602759921,92.6111475038658,514.99118394658,353.4811321586,516.626442357393,274.042008547831,284.507175315435,279.934335618232,279.467113100224,264.632223498318,284.507175315435,116.762524497262,278.981504801388,411.690785612525,296.94207946806,260.118746198105,120.008234156254,396.522987280093,269.459232250088,87.8685381104478,130.961722183536,401.697922279935,289.558146146075,90.1118350851679,277.700473053053,61.7179153020946,152.472448411095,127.732769854903,323.204874209781,97.2312875361399,160.076872265589,403.118313952769,520.103224417435,268.656920587606,376.315927979449,88.2534893803517,125.443666154229,70.7789293654794,259.594195594061,397.048024934377,392.638726691475,117.532325256207,83.2721671321064,125.443666154229,79.0738248686354,279.934335618232,130.961722183536,246.539768544688,121.797828089995,264.550538913103,269.459232250088,62.1826738049779,103.270963981182,47.6841878261739,282.297152039717,109.709004290881,88.2534893803517,146.47898260906,89.9116378972685,274.30051875476,277.231567480594,259.594195594061,251.218692195314,116.762524497262,516.341223926777,282.222819924191,394.599518939138,47.6841878261739,123.040227603153,318.8153261983,164.208830267097,0,125.457598359146,53.6574895716521,68.5722123585061,217.133141711439,396.522987280093,86.4174714180632,81.7524000958731,296.94207946806,283.799084509261,86.4174714180632,146.47898260906,103.270963981182,120.008234156254,392.638726691475,117.532325256207,79.6676584198684,395.137757060971,282.222819924191,121.797828089995,392.638726691475,87.868538110448,123.040227603153,469.622222664036,511.150086001272,264.550538913103,279.063421530764,392.638726691475,122.554943910435,272.589847765759,98.941871237483,274.30051875476,89.9116378972686,320.281529963552,132.294015960074,324.734795570359,276.101066672303,502.333629389224,127.732769854903,119.84597653738,127.732769854903,119.943137665518,80.1292184680907,73.7894450420715,281.306925365174,356.381958256386,264.550538913103,129.058001257472,76.2579763523683,289.636836705774,70.7789293654795,347.66257174992,95.5586914516236,116.762524497262,513.454096603752,127.732769854903,79.0738248686357,285.5493261537,124.988293274191,324.734795570359
488.30393000458,139.67270057316,378.877604768808,122.157056403194,139.481478115558,262.673346285724,154.817231056076,149.887352022793,253.105456670864,139.481478115558,256.427344468475,263.281994150542,241.800445804447,259.565474515645,490.654722461707,429.244205446721,290.534744869104,280.671646712187,488.461245872,163.927904275207,271.431143196987,136.302019242151,480.628509369299,145.456902134381,133.905672749193,119.832282116685,104.618865150302,299.505157854026,174.087988905194,131.437443934057,409.228489460085,112.439128725497,377.456470869879,294.096909735917,145.456902134381,253.105456670864,262.461920971757,369.652928984108,249.969168868933,252.195750685646,124.343531775003,100.063578053765,154.817231056076,43.4101480316674,212.068297492016,375.271383687689,139.432718212395,139.432718212395,315.045360148297,369.652928984108,58.4368461855987,303.343555994376,154.817231056076,114.745774905067,240.719221570786,395.156697067049,266.454117051127,139.481478115558,117.125214835151,149.887352022793,490.460571074521,330.09284480026,492.080629462038,252.895208206003,263.114152298514,258.535086976011,258.179662262376,243.685825752579,263.114152298514,174.087988905194,258.302246225361,386.34792522193,274.336975694428,239.43837438581,97.1584702556045,373.697196790617,248.359018234971,146.146519372385,112.281747891407,378.877604768808,267.847033951063,147.513904516934,256.427344468475,122.32395428928,136.24269265195,96.787721122672,300.987213500361,146.649942739314,113.961540266035,380.438613241161,495.568446888789,247.906663310684,352.693239025176,145.575179280998,94.9054557380504,129.0144353832,239.067100427261,374.079759319709,369.652928984108,100.756080557471,102.179942731688,94.9054557380504,136.302019242151,258.535086976011,112.281747891407,226.499541187611,97.2354761062629,243.54901994786,248.359018234971,127.831342536474,160.596081428886,122.920187287998,260.476781271737,124.127355926687,145.575179280998,100.063578053765,147.112504472056,253.105456670864,256.697256449644,239.067100427261,230.828504412491,174.087988905194,491.982541135184,260.859965267055,371.772136102167,122.920187287998,96.8353371612213,296.72537142816,134.426088388273,125.457598359146,0,122.337891300186,126.624123226014,199.240354483699,373.697196790617,144.050792983019,139.432718212395,274.336975694428,262.461920971757,144.050792983019,100.063578053765,160.596081428886,97.1584702556046,369.652928984108,100.756080557471,111.034698615317,372.144665869588,260.859965267055,97.2354761062625,369.652928984108,146.146519372385,96.8353371612211,446.826101237219,486.614756593826,243.54901994786,257.918589113445,369.652928984108,98.0447503359337,251.459637775312,156.20316043411,253.105456670864,147.112504472056,297.738596288842,117.156158997301,302.504925305638,255.037518686122,477.577095635308,96.787721122672,102.342773160009,96.787721122672,101.238190242494,137.206300568177,131.437443934057,259.896792257678,333.043802435376,243.54901994786,96.6361167513763,133.968150653643,268.699502582232,129.0144353832,324.854638482255,152.805073449032,174.087988905194,488.747091205621,96.787721122672,136.302019242151,264.193965155468,111.61461671635,302.504925305638
508.830331481314,90.8147606335998,397.609787031095,72.0777004992597,90.3602649842848,280.522189067891,105.578156159185,100.683857347268,270.156947306242,90.3602649842848,273.559558124332,280.858632438509,258.52366802741,276.728614258557,511.096282271849,447.960999482843,308.959468211058,298.075447305701,508.964112545023,183.973397399486,289.867352454893,87.1309969453694,501.316693724755,96.2705209035338,174.395184068248,76.8053618088398,120.780354377716,317.345907147479,124.847685283158,81.9644113509004,428.040204419387,100.273134682855,396.36195105091,312.040211069781,96.2705209035338,270.156947306242,279.660389977465,388.556077674288,266.886444155116,269.088559825736,74.895705712422,143.448153801132,105.578156159185,122.917158395877,226.1096032128,394.005147858301,89.9433107092286,89.9433107092286,333.304643279212,388.556077674288,120.764660860872,321.423407093252,105.578156159185,130.13595257702,262.358586243284,413.953013327733,290.331946143128,90.3602649842848,129.35188470344,100.683857347268,510.961136707611,349.412014430954,512.596913053586,269.896819008348,280.370371235351,275.797690432678,275.326696892855,260.480191037634,280.370371235351,124.847685283158,274.820752063244,407.688247926302,292.846247389688,255.957722648569,117.889839690709,392.435038127319,265.312420118667,96.2390019302927,129.029333388317,397.609787031095,285.432102943034,98.2198094189126,273.559558124332,70.5553027851362,148.185573435883,125.35449415006,319.096211934398,90.4706222080697,156.91872830612,399.025388250879,516.073325253566,264.498518787508,372.254857078324,96.3387490000256,123.071581973128,79.1221764281475,255.428122223234,392.96479498248,388.556077674288,115.652763623286,83.1733211281346,123.071581973128,87.1309969453694,275.797690432678,129.029333388317,242.356920376891,119.628742652819,260.400353247717,265.312420118667,55.7351661178329,111.35618121493,49.0478392642242,278.174743380658,103.951312955223,96.3387490000256,143.448153801132,97.9633252265556,270.156947306242,273.065904433889,255.428122223234,247.047751058714,124.847685283158,512.305311461848,278.084969373092,390.511623617974,49.0478392642242,120.815835881128,314.702324920107,161.871552897066,53.6574895716521,122.337891300186,0,76.8362440508682,212.87698197271,392.435038127319,94.5936603280331,89.9433107092281,292.846247389688,279.660389977465,94.5936603280331,143.448153801132,111.356181214929,117.889839690709,388.556077674288,115.652763623286,79.8595399838323,391.055363502824,278.084969373092,119.628742652819,388.556077674288,96.2390019302925,120.815835881128,465.533266202065,507.120194188686,260.400353247717,274.918207885702,388.556077674288,120.393016544586,268.444082065344,107.011323643705,270.156947306242,97.9633252265554,316.183677535863,128.008271420229,320.626543485017,271.953090767877,498.311257469003,125.354494150059,117.946336999593,125.354494150059,117.995006986969,88.1430842777205,81.9644113509002,277.170662248135,352.311161195547,260.400353247717,126.632363528029,84.4559666023404,285.484821607603,79.1221764281475,343.573781123242,103.623823221212,124.847685283158,509.430032790565,125.354494150059,87.1309969453692,281.411259669733,120.70890276705,320.626543485017
516.587713209734,38.3298299289714,405.601805785108,31.3423142316905,37.4423392020965,288.627354213524,52.805766429028,47.875888401453,278.367945779468,37.4423392020965,281.759968456266,289.000354808563,266.777907165161,284.925152336879,518.864700373335,455.95503378137,316.989344300137,306.241770504614,516.724586604116,191.737252974211,297.894963036978,33.9544503700974,509.05297036784,43.4267315684676,179.450886803418,60.61302300381,120.734059891291,325.45467598558,72.1047568775681,26.6612726235974,436.021741015465,111.577477751523,404.330631189488,320.135358511331,43.4267315684676,278.367945779468,287.85245164101,396.524930432193,275.11527244274,277.320881020818,21.5336360008492,147.437328025754,52.805766429028,127.034826968445,234.721937331813,401.996959214166,36.7202768805638,36.7202768805638,341.357793684063,396.524930432193,125.344760098932,329.500483846528,52.805766429028,138.077101503212,269.963376605994,421.936556972679,297.652610659354,37.4423392020965,137.680366634793,47.875888401453,518.721918840428,357.325250892144,520.355648216914,278.114563980678,288.554779723387,283.980819075805,283.525258907213,268.724955965066,288.554779723387,72.1047568775681,283.104084585189,415.338946117202,300.864311645521,264.239157003539,118.590241419847,400.426316672494,273.5361791236,43.4115219330831,129.034456128743,405.601805785108,293.572916532053,45.3247963795548,281.759968456266,36.1253000311155,156.745403901761,126.988179086248,327.169590815251,113.97455430415,161.371831201231,407.036395789686,523.833568739338,272.77193046532,380.137143249655,43.4605980189639,124.684643729704,20.3822116956259,263.731537286601,400.936125784062,396.524930432193,115.486641266612,76.9314255414824,124.684643729704,33.9544503700974,283.980819075805,129.034456128743,250.725418650563,120.508998900826,268.637384660918,273.5361791236,84.5546951071319,58.6040824766805,70.8330975456132,286.300021118946,117.680996037792,43.4605980189639,147.437328025754,45.1558709107007,278.367945779468,281.369087990228,263.731537286601,255.368405714397,72.1047568775681,520.089209221161,286.273307054534,398.502685981857,70.8330975456132,121.895389428161,322.793011078227,163.356115784815,68.5722123585061,126.624123226014,76.8362440508682,0,221.540963586116,400.426316672494,41.5558069103157,36.7202768805636,300.864311645521,287.85245164101,41.5558069103157,147.437328025755,58.6040824766804,118.590241419847,396.524930432193,115.486641266612,74.1704986526412,399.0232859849,286.273307054534,120.508998900826,396.524930432193,43.4115219330832,121.895389428162,473.528561537723,514.880320243538,268.637384660918,283.136553540587,396.524930432193,121.245527584714,276.663984164715,54.2354440439539,278.367945779468,45.1558709107009,324.211102221668,136.494335284954,328.698240593285,280.182498096114,506.041534433898,126.988179086248,117.846094148061,126.988179086248,118.071935129726,35.2096835688233,26.6612726235974,285.352415208994,360.231391451489,268.637384660918,128.436564468401,30.3143525348892,293.732846999655,20.3822116956263,351.565888256026,50.8326951853518,72.1047568775681,517.166958005816,126.988179086248,33.9544503700974,289.600922430615,129.1010546312,328.698240593285
473.11588147948,234.749765458382,347.910820783272,217.028142606772,234.502351850575,225.280249657514,249.803704478568,244.884795517659,206.628944581147,234.502351850575,210.79726380381,222.460570574007,191.684778328935,214.1512240168,474.780350266662,398.138808094918,258.592044351276,237.129947321662,473.04458728823,190.653937462117,240.334742673335,231.315215381704,466.822838550362,240.459999276151,231.3932287026,215.791301555906,217.794629764912,260.258570001108,269.072570499816,226.400839162165,378.977623770458,193.117577945485,348.468783392983,255.895335664485,240.459999276151,206.628944581147,217.326004541678,340.752911463719,201.948360572081,203.785699176477,219.326599427382,214.546360527692,249.803704478568,200.384600851712,124.096262870338,344.318757326435,234.379222269267,234.379222269267,280.189440760529,340.752911463719,197.918315813576,266.52591960325,249.803704478568,188.759225001395,243.811213388457,364.770474662058,280.005183398063,234.502351850575,188.774659426225,244.884795517659,475.014151689936,306.101014696618,476.763600320813,205.781723210752,218.613169735975,214.367728757208,212.64840797366,194.423113060941,218.613169735975,269.072570499816,205.811857751699,378.766463416347,243.919761544956,186.857615124286,212.048775431139,342.781791999557,200.899404254315,241.007277445464,225.6647602558,347.910820783272,226.967611173483,242.492539971975,210.79726380381,216.89624876428,195.406971299061,214.221211329975,264.376327177359,232.056760705173,222.673647905042,348.148771354713,480.12680891632,196.083010010581,330.16593754748,240.567007730292,212.532166842243,223.906504292294,184.618470429415,344.925930083129,340.752911463719,213.483803467941,203.256128771853,212.532166842243,231.315215381704,214.367728757208,225.6647602558,165.482178932868,212.665362688112,195.049428770361,200.899404254315,216.79506475011,255.581289419651,214.807738560074,221.293120517907,199.204546259697,240.567007730292,214.546360527692,242.12393048936,206.628944581147,202.649719119512,184.618470429415,174.674873978811,269.072570499816,475.113142144509,216.133717090061,340.871282309692,214.807738560074,212.8140792427,258.867540911034,251.292482324506,217.133141711439,199.240354483699,212.87698197271,221.540963586116,0,342.781791999557,238.999200760736,234.379222269267,243.919761544956,217.326004541678,238.999200760736,214.546360527692,255.581289419651,212.048775431139,340.752911463719,213.483803467941,208.715131763623,343.265822201873,216.133717090061,212.665362688112,340.752911463719,241.007277445464,212.8140792427,415.633879151959,471.235958481851,195.04942877036,210.62268469053,340.752911463719,213.409557518384,204.213687807441,251.202635088074,206.628944581147,242.12393048936,265.791215651746,188.71547006347,266.027650271996,206.840164186955,464.167163697071,214.221211329975,215.321415400698,214.221211329975,214.631191245984,232.240783125378,226.400839162165,215.780258828339,308.363162606714,195.04942877036,214.455967638071,228.919339287559,218.938526329315,223.906504292293,294.975397443467,247.807834578531,269.072570499816,474.941233899368,214.221211329975,231.315215381704,219.213992453735,191.383130454459,266.027650271996
474.966772965975,413.610761465096,44.9285100862941,395.919688910745,413.37224060198,337.678339958634,428.679250263922,423.758537497638,327.243832952718,413.37224060198,327.63792348292,327.5217970081,324.972597248205,326.175004185889,475.615911227717,116.544948211814,355.026408701714,290.540974128854,471.669196842782,366.112379217919,350.363974862642,410.186242422333,476.484429030553,419.332799039563,399.540955661121,394.508731662871,393.778920491333,279.116401104504,447.94845036989,405.279405488227,251.127880477926,373.769360788307,361.95283646589,278.466137637062,419.332799039563,327.243832952718,324.370163370086,365.777623414824,325.457883567434,324.032386117145,398.201327169347,386.679650769506,428.679250263922,374.775449093651,343.169784355612,40.369615422327,413.26080960385,413.26080960385,324.47813962994,365.777623414824,372.785425365049,291.341495854634,428.679250263922,367.537198171057,383.805063356759,245.957344606664,397.204942902524,413.37224060198,368.436677965451,423.758537497638,472.764504785757,383.328544414025,474.956421430263,325.497739066311,324.267569220531,328.367117665483,327.103570286964,326.261848995496,324.267569220531,447.94845036989,315.534850297363,442.237463669026,352.571600261345,324.330236751492,387.758955442002,0,327.545654695541,419.902417176389,401.604576203356,44.9285100862941,327.419316403747,421.369238089769,327.63792348292,395.834069317782,376.592765031322,389.281919608582,274.966732545167,412.472850480834,393.508052157295,231.822954832345,475.770156535557,305.658826502175,380.578476368205,419.44160032148,387.711319101887,402.795975479763,314.760475376622,361.093792915128,365.777623414824,389.564151604511,381.197328109757,387.711319101887,410.186242422333,328.367117665483,401.604576203356,331.63086928157,388.23385781151,327.649706722092,327.545654695541,396.61696818114,434.457058865042,394.155758633902,332.351371889767,381.142630991621,419.44160032148,386.679650769506,420.99540839669,327.243832952718,320.457158812428,314.760475376622,327.659363251078,447.94845036989,472.364333248246,326.736873684668,28.7953115961237,394.155758633902,388.261945999274,282.356624261125,426.393632400372,396.522987280093,373.697196790617,392.435038127319,400.426316672494,342.781791999557,0,417.880591764605,413.26080960385,352.571600261345,324.370163370086,417.880591764605,386.679650769506,434.457058865042,387.758955442002,365.777623414824,389.564151604511,387.160112495538,363.461486489859,326.736873684668,388.23385781151,365.777623414824,419.902417176389,388.261945999274,146.887525070904,471.189494038072,327.649706722092,324.499371968658,365.777623414824,388.963972979265,326.269162593299,430.076076234102,327.243832952718,420.99540839669,356.988897970176,368.65548472623,278.353327143615,324.646038823286,476.209715091359,389.281919608582,391.347869576597,389.281919608582,390.581933705859,411.108479651712,405.279405488227,327.406055144644,379.133574215467,327.649706722092,389.379310827907,407.799958347675,313.061871236049,402.795975479763,365.291851845388,426.680730827834,447.94845036989,487.269538244457,389.281919608582,410.186242422333,323.717288815193,370.718264885984,278.353327143615
534.040535264885,33.0274722193617,423.05608549514,52.3627426318213,26.2004020464258,306.082505411087,34.9384676274251,31.3054266437713,295.823655678674,26.2004020464258,299.215613965318,306.455670767488,284.233868595397,302.380761977086,536.317596028005,473.409325790002,334.444026888949,323.697099708596,534.177426285344,209.193012876197,315.349681441607,24.9305384708529,526.505657465272,27.8911423403187,196.880106919075,78.4452860311775,138.059794228377,342.909674066319,54.3340347360642,31.5334712445866,453.475962771025,129.088189198605,421.784818511179,337.590287245821,27.8911423403187,295.823655678674,305.308023414451,413.979128448919,292.571075914769,294.776686683031,45.6419384384414,164.852697469038,34.9384676274251,144.458672534716,252.179726427434,419.451237678905,17.7376909461871,17.7376909461871,358.812509174886,413.979128448919,142.777316802184,346.955315326826,34.9384676274251,155.543299956786,287.415793432735,439.390791812424,315.102653677909,26.2004020464258,155.150138038184,31.3054266437713,536.174759700243,374.77918930275,537.808475603014,295.570301340032,306.010310297334,301.436371523818,300.980886790814,286.180868969104,306.010310297334,54.3340347360642,300.560062647261,432.791133358347,318.318970481168,281.695254709,135.947163126207,417.880591764605,290.991973675526,32.4285267034704,146.355142768283,423.05608549514,311.028213884572,23.6204666142428,299.215613965318,56.474788662439,174.213514443196,144.362498349854,344.624390669872,131.543869969582,178.793581668772,424.490796805286,541.286403637075,290.227871925168,397.590837190029,25.7202155926627,142.060835220708,37.3804211189579,281.187685747446,418.390331258953,413.979128448919,132.819251202289,94.2894617379883,142.060835220708,24.9305384708529,301.436371523818,146.355142768283,268.182038618879,137.8674858527,286.093267679507,290.991973675526,102.19613705377,40.7962551386664,88.7397643575431,303.755272642261,135.194983085108,25.7202155926627,164.852697469038,30.8552145332453,295.823655678674,298.825174321089,281.187685747446,272.8247544113,54.3340347360642,537.542205485366,303.728872631011,415.956959812291,88.7397643575431,139.258270490526,340.247916388471,180.725616442192,86.4174714180632,144.050792983019,94.5936603280331,41.5558069103157,238.999200760736,417.880591764605,0,17.7376909461873,318.318970481168,305.308023414451,0,164.852697469039,40.7962551386666,135.947163126207,413.979128448919,132.819251202289,91.6961864104032,416.477474094481,303.728872631011,137.8674858527,413.979128448919,32.4285267034707,139.258270490526,490.982861258894,532.333158942445,286.093267679506,300.592271614022,413.979128448919,138.601650615123,294.119740980629,37.7778198173878,295.823655678674,30.8552145332457,341.66575562694,153.965817415175,346.153032289136,297.638281082942,523.494183392494,144.362498349855,135.174931422552,144.362498349855,135.406635617924,27.0402839986696,31.5334712445868,302.80795252051,377.685358061505,286.093267679506,145.814192363679,27.9133376014204,311.188631367617,37.3804211189581,369.020287389748,34.9224845031547,54.3340347360642,534.619652686333,144.362498349855,24.930538470853,307.05647482792,146.576313205714,346.153032289136
529.420827685679,29.8974600138246,418.4363030955,47.6440734817967,23.8953007680202,301.462669269827,35.7013957044001,31.4057582472472,291.203795619147,23.8953007680202,294.595757183368,301.835829281502,279.613996325708,297.760907679093,531.697884421133,468.789542770056,329.824215074821,319.077264902624,529.557717876444,204.573017340256,310.729865258327,21.1772147463108,521.885957010596,27.4268016472273,192.261905505068,73.8120287145019,133.449207378217,338.289854976847,55.0718788111583,26.4020985357209,448.856182951518,124.463543986061,417.165038108907,332.970470920917,27.4268016472273,291.203795619147,300.68817161236,409.359347004788,287.951211885893,290.156823568753,40.902746024625,160.235481546623,35.7013957044001,139.840805769161,247.559779030972,414.831455340876,0,0,354.192701365523,409.359347004788,138.158803755856,342.335503231779,35.7013957044001,150.922358043509,282.796081161551,434.771011286762,310.483092510192,23.8953007680202,150.528932287729,31.4057582472472,531.555051266168,370.15941692548,533.188767898042,290.950440609524,301.390460302852,296.816518833716,296.361031247143,281.56099867689,301.390460302852,55.0718788111583,295.940198374422,428.171457096915,313.699157397597,277.07537705015,131.334217651417,413.26080960385,286.37210892598,28.4034294514448,141.744959704169,418.4363030955,306.408374035288,26.3540086961366,294.595757183368,51.7424508859482,169.592506775526,139.748281231657,340.004580664306,126.910380522427,174.175908214136,419.871007970553,536.666695635084,285.608008163666,392.97108001894,26.0545258381224,137.446472512332,32.3874677854047,276.567810035435,413.770549835543,409.359347004788,128.208111059505,89.6760053323334,137.446472512332,21.1772147463108,296.816518833716,141.744959704169,263.562134557704,133.254434535908,281.473398003135,286.37210892598,97.5515357001843,41.5475787022885,84.0803018000203,299.135432555444,130.570123340318,26.0545258381224,160.235481546623,30.0408114279184,291.203795619147,294.205305218404,276.567810035435,268.2048632216,55.0718788111583,532.922488490421,299.109020263045,411.337177711762,84.0803018000203,134.644895176739,335.628101045928,176.111760449987,81.7524000958731,139.432718212395,89.9433107092281,36.7202768805636,234.379222269267,413.26080960385,17.7376909461873,0,313.699157397597,300.68817161236,17.7376909461871,160.235481546623,41.5475787022886,131.334217651417,409.359347004788,128.208111059505,87.073466783919,411.857693371158,299.109020263046,133.254434535907,409.359347004788,28.4034294514449,134.644895176739,486.36307784889,527.713450527142,281.473398003135,295.97241309964,409.359347004788,133.988780425217,289.49987891912,37.8875828296574,291.203795619147,30.0408114279188,337.045946028673,149.344479643925,341.533222583686,293.018419391173,518.874484940819,139.748281231658,130.564094475812,139.748281231658,130.795359950312,23.9179263132268,26.4020985357209,298.188100960836,373.065584988795,281.473398003135,141.199732260893,22.2132855212626,306.568775780458,32.3874677854048,364.400492697029,34.7716730979826,55.0718788111585,529.999951670568,139.748281231658,21.1772147463109,302.436624267614,141.954623677486,341.533222583686
481.935061932465,314.049849725426,357.716118308522,296.357230878344,313.811015444868,198.786791252477,329.117878887903,324.197215289504,228.836842347538,313.811015444868,229.703347164451,220.064460234564,227.389852440336,232.515019270581,483.029964914318,408.004249091951,198.11482821465,260.743744927774,481.983765146447,264.353100513255,103.23792737351,310.624956087559,476.177385969082,319.771497706772,300.944733823254,294.951596957616,294.369538796091,275.61648478541,348.387075357134,305.717772329863,387.864462101099,274.082298823858,347.723696584944,267.734723842003,319.771497706772,228.836842347538,235.24593261311,337.47166292679,229.842271479827,233.025042129565,298.639643621566,287.591475115824,329.117878887903,275.428599714679,246.8554567268,354.116653467984,313.699157397597,313.699157397597,278.514728841359,337.47166292679,273.378545776904,274.27483568851,329.117878887903,267.655674500356,277.613888806463,373.595793188029,309.406595947972,313.811015444868,268.543421577386,324.197215289504,484.015572353324,280.706565449519,485.845200216653,230.348435086211,234.076788331661,227.262515481205,231.270428139826,227.332253403004,234.076788331661,348.387075357134,250.380905796657,387.822171001692,0,230.133775502091,288.366561119915,352.571600261345,227.165440814012,320.340289611835,302.198271957075,357.716118308522,226.26816463724,321.807803587676,229.703347164451,296.269827608714,276.508835212012,289.936086233657,273.918420258419,312.862003026157,294.56467929306,358.069857540224,489.348513528224,238.38285758152,321.480956478782,319.880236801439,288.354885971253,303.233879652888,232.950298692353,343.721960418972,337.47166292679,290.148115429532,281.672353959086,288.354885971253,310.624956087559,227.262515481205,302.198271957075,234.053689023916,288.851731885844,225.844973287898,227.165440814012,297.021612210042,334.895685150253,294.574760125574,207.791277766494,281.454497087819,319.880236801439,287.591475115824,321.434154257996,228.836842347538,251.137537233112,232.950298692353,230.02568430439,348.387075357134,482.793589339142,231.771043975206,350.651356768585,294.574760125574,288.888195642481,269.602637728734,327.046298046871,296.94207946806,274.336975694428,292.846247389688,300.864311645521,243.919761544956,352.571600261345,318.318970481168,313.699157397597,0,235.24593261311,318.318970481168,287.591475115824,334.895685150253,288.366561119915,337.47166292679,290.148115429532,287.611397977092,341.106123878137,231.771043975206,288.851731885843,337.47166292679,320.340289611835,288.888195642481,425.535948053011,480.07136863741,225.844973287897,236.214783268697,337.47166292679,289.5833100144,229.305197515608,330.51477260134,228.836842347538,321.434154257996,217.709733560085,268.772539092488,275.009360481765,235.435441466304,473.661174361832,289.936086233657,291.935573165905,289.936086233657,291.174557956762,311.547320005333,305.717772329862,228.640368229236,286.595333669691,225.844973287897,290.043776121946,308.238285269263,256.831913860662,303.233879652888,270.760143876842,327.119439849725,348.387075357134,483.982752250136,289.936086233657,310.624956087559,236.94882172998,270.946735137686,275.009360481765
471.855889786733,301.044241223878,329.436988959423,283.343863138044,300.803081088506,200.913330650569,316.108437679219,311.188253607917,150.038072184063,300.803081088506,141.725384801522,170.071958518165,168.245314534581,113.890916307081,472.826250456969,379.51742660696,240.250880605425,209.264113700543,471.488415189815,252.814503122592,231.141772284282,297.616734527066,467.083630618314,306.762788729304,290.534730254581,281.984031337863,282.096269867599,231.974705622932,335.377542501829,292.707620573713,360.872736176855,260.636585499096,330.211653598685,226.059323113648,306.762788729304,150.038072184063,0,322.421482206533,153.010318612609,146.815468823239,285.630584258344,276.259454473187,316.108437679219,263.567201032889,215.61114620714,325.858474857999,300.68817161236,300.68817161236,250.507225233349,322.421482206533,261.407093659929,236.654968705766,316.108437679219,254.774099219067,279.076879143174,346.468126862956,309.376766747046,300.803081088506,255.428728545563,311.188253607917,473.409096724684,298.442263841345,475.292734040377,143.472541106208,87.694564953619,147.284134734787,130.34871677082,167.87551344238,87.694564953619,335.377542501829,194.598396368022,387.354767234855,235.24593261311,173.117706158465,276.162177110965,324.370163370086,162.635720118815,307.325759972066,289.936075171811,329.436988959423,168.849488450704,308.79807255814,141.725384801522,283.244446238071,263.042224975339,277.892877438333,236.452086126541,299.448864370286,283.538334592826,327.849244715062,478.475733093415,179.838445365541,321.988053871674,306.871058241508,276.282960441542,290.220917418722,173.668235628753,326.365903387596,322.421482206533,277.850935083949,268.905407106147,276.282960441542,297.616734527066,147.284134734787,289.936075171811,194.914711278114,276.682472495831,171.130487185142,162.635720118815,283.765714773175,321.886182545257,281.443427753036,187.775722098045,267.660675365715,306.871058241508,276.259454473187,308.425790893868,150.038072184063,196.077032904818,173.668235628753,185.899131502168,335.377542501829,472.087958926692,118.574697818606,322.470805479961,281.443427753036,276.748959375483,228.8133950373,314.992601237003,283.799084509261,262.461920971757,279.660389977465,287.85245164101,217.326004541678,324.370163370086,305.308023414451,300.68817161236,235.24593261311,0,305.308023414451,276.259454473187,321.886182545257,276.162177110965,322.421482206533,277.850935083949,274.715356529631,325.048223621398,118.574697818606,276.68247249583,322.421482206533,307.325759972066,276.748959375483,396.918717758116,469.747045796054,171.130487185141,130.579169092877,322.421482206533,277.417398413845,150.931034018985,317.505885886264,150.038072184063,308.425790893868,245.546730355106,255.58049321993,237.975444163931,143.724591427495,464.868033280069,277.892877438333,279.651806514822,277.892877438333,278.909744112966,298.539964712074,292.707620573713,138.169186674736,298.682697156135,171.130487185141,278.034512241148,295.227580804118,200.951898237488,290.220917418722,275.680121200661,314.110698966446,335.377542501829,475.280680814488,277.892877438333,297.616734527066,87.648865051811,257.88316957795,237.975444163931
534.040535264885,33.0274722193617,423.05608549514,52.3627426318213,26.2004020464258,306.082505411087,34.9384676274251,31.3054266437713,295.823655678674,26.2004020464258,299.215613965318,306.455670767488,284.233868595397,302.380761977086,536.317596028005,473.409325790002,334.444026888949,323.697099708596,534.177426285344,209.193012876197,315.349681441607,24.9305384708529,526.505657465272,27.8911423403187,196.880106919075,78.4452860311775,138.059794228377,342.909674066319,54.3340347360642,31.5334712445866,453.475962771025,129.088189198605,421.784818511179,337.590287245821,27.8911423403187,295.823655678674,305.308023414451,413.979128448919,292.571075914769,294.776686683031,45.6419384384414,164.852697469038,34.9384676274251,144.458672534716,252.179726427434,419.451237678905,17.7376909461871,17.7376909461871,358.812509174886,413.979128448919,142.777316802184,346.955315326826,34.9384676274251,155.543299956786,287.415793432735,439.390791812424,315.102653677909,26.2004020464258,155.150138038184,31.3054266437713,536.174759700243,374.77918930275,537.808475603014,295.570301340032,306.010310297334,301.436371523818,300.980886790814,286.180868969104,306.010310297334,54.3340347360642,300.560062647261,432.791133358347,318.318970481168,281.695254709,135.947163126207,417.880591764605,290.991973675526,32.4285267034704,146.355142768283,423.05608549514,311.028213884572,23.6204666142428,299.215613965318,56.474788662439,174.213514443196,144.362498349854,344.624390669872,131.543869969582,178.793581668772,424.490796805286,541.286403637075,290.227871925168,397.590837190029,25.7202155926627,142.060835220708,37.3804211189579,281.187685747446,418.390331258953,413.979128448919,132.819251202289,94.2894617379883,142.060835220708,24.9305384708529,301.436371523818,146.355142768283,268.182038618879,137.8674858527,286.093267679507,290.991973675526,102.19613705377,40.7962551386664,88.7397643575431,303.755272642261,135.194983085108,25.7202155926627,164.852697469038,30.8552145332453,295.823655678674,298.825174321089,281.187685747446,272.8247544113,54.3340347360642,537.542205485366,303.728872631011,415.956959812291,88.7397643575431,139.258270490526,340.247916388471,180.725616442192,86.4174714180632,144.050792983019,94.5936603280331,41.5558069103157,238.999200760736,417.880591764605,0,17.7376909461871,318.318970481168,305.308023414451,0,164.852697469039,40.7962551386666,135.947163126207,413.979128448919,132.819251202289,91.6961864104032,416.477474094481,303.728872631011,137.8674858527,413.979128448919,32.4285267034707,139.258270490526,490.982861258894,532.333158942445,286.093267679506,300.592271614022,413.979128448919,138.601650615123,294.119740980629,37.7778198173878,295.823655678674,30.8552145332457,341.66575562694,153.965817415175,346.153032289136,297.638281082942,523.494183392494,144.362498349855,135.174931422552,144.362498349855,135.406635617924,27.0402839986696,31.5334712445868,302.80795252051,377.685358061505,286.093267679506,145.814192363679,27.9133376014204,311.188631367617,37.3804211189581,369.020287389748,34.9224845031547,54.3340347360642,534.619652686333,144.362498349855,24.930538470853,307.05647482792,146.576313205714,346.153032289136
500.340857927084,160.464459194601,391.863016579185,142.983318904655,160.277871245166,276.222302360273,175.614528527693,170.684074089419,266.987228046431,160.277871245166,270.270231411792,276.925909557395,255.832803210867,273.386290472889,502.741159682091,442.2375582199,303.795480062459,294.320953675316,500.5087777684,178.70612669663,284.722237290133,157.099965023605,492.577038870348,166.253640920311,120.246240952017,140.650037985372,118.42864263973,312.946846307863,194.885191190529,152.242241564912,422.17573931159,134.082566892551,390.387240147852,307.494826097475,166.253640920311,266.987228046431,276.259454473187,382.592087489889,263.907047982906,266.134900640701,145.155257998499,0,175.614528527693,98.82465718603,227.166551479589,388.25598635163,160.235481546623,160.235481546623,328.311829903039,382.592087489889,104.604796388589,316.680686760003,175.614528527693,135.307069164279,252.752872928502,408.112383384237,276.717861892057,160.277871245166,137.708316535927,170.684074089419,502.508514449884,342.885244573102,504.119551223623,266.793289359141,276.886724312792,272.322042469784,272.011699921895,257.689343287656,276.886724312792,194.885191190529,272.35534105667,397.991499504277,287.591475115824,253.552053664766,109.992614229638,386.679650769506,262.291825928,166.955537970665,125.781536008652,391.863016579185,281.478649431145,168.312687345187,270.270231411792,143.17340251748,155.575149832518,104.145441599821,314.303995051624,167.761565117827,78.0673335495762,393.501287349139,507.611272362956,261.933892680114,365.318679682513,166.372910050766,104.6165284836,149.826853187066,253.215337736795,387.022383710365,382.592087489889,115.235129192753,122.544193746204,104.6165284836,157.099965023605,272.322042469784,125.781536008652,240.917153057782,108.838408400258,257.534815050182,262.291825928,148.934268270531,181.393307462998,143.97490585291,274.084422412453,145.20516108624,166.372910050766,0,167.908419211523,266.987228046431,270.816757144132,253.215337736795,245.088937019996,194.885191190529,504.135544445523,274.654189735323,384.75376052988,143.97490585291,107.577709660223,310.108625766707,141.269922093899,146.47898260906,100.063578053765,143.448153801132,147.437328025755,214.546360527692,386.679650769506,164.852697469039,160.235481546623,287.591475115824,276.259454473187,164.852697469039,0,181.393307462998,109.992614229638,382.592087489889,115.235129192752,131.891493705399,385.076830073632,274.654189735322,108.838408400258,382.592087489889,166.955537970665,107.577709660223,459.824429145401,498.662199841514,257.534815050182,271.804818733925,382.592087489889,109.27975204304,265.369536967797,176.999211506005,266.987228046431,167.908419211523,310.979022709542,137.84011129341,315.816635576073,268.963008495859,489.500775540926,104.145441599821,116.444942059784,104.145441599821,114.948373475789,158.002171651286,152.242241564912,273.674279587667,345.850416861081,257.534815050182,102.52166962809,154.772487756049,282.63271243539,149.826853187066,337.930554810599,173.601118157074,194.885191190529,500.702128036724,104.145441599821,157.099965023605,277.979584013801,133.432263370215,315.816635576073
550.615034884806,44.1418430413133,439.632558820994,69.1314779440022,35.9514661977825,322.659946622733,16.6608664785205,23.6402969633142,312.401975782587,35.9514661977825,315.793845309777,323.033412726058,300.812550012528,318.958959666586,552.892189042196,489.985816045277,351.02083556975,340.275034891332,550.751951726839,225.767907980388,331.926476328691,39.2069535603173,543.079979154342,27.8008950931847,213.430923766815,94.9695532976307,154.550822468667,359.487128127948,23.601742804488,48.9348575034686,470.052348572758,145.694715794831,438.361100827271,354.167628271734,27.8008950931847,312.401975782587,321.886182545257,430.555413219871,309.149544046122,311.35518228028,62.3906780314932,181.393307462998,16.6608664785205,161.002229884288,268.761373291873,436.027709264329,41.5475787022886,41.5475787022886,375.389501931859,430.555413219871,159.325846886772,363.532505932372,16.6608664785205,172.120855001826,303.989075053785,455.967194550376,331.673474508195,35.9514661977825,171.730954984366,23.6402969633142,552.749287646858,391.355015721705,554.382986246746,312.148676692422,322.588405774779,318.014459155849,317.559102022216,302.759471866158,322.588405774779,23.601742804488,317.138973419798,449.364739159175,334.895685150253,298.274161260184,152.452304172805,434.457058865042,307.570401416512,55.584705628595,162.844573202484,439.632558820994,327.605946922487,30.8829221146291,315.793845309777,73.3577684928977,190.795805820041,160.877846914892,361.201549352925,148.259462972379,195.338712550381,441.067430074103,557.860926747144,306.80670153556,414.16639777577,28.0295376601661,158.57669261529,54.9181600890501,297.766768902365,434.966636036353,430.555413219871,149.312232151917,110.766211925923,158.57669261529,39.2069535603173,318.014459155849,162.844573202484,284.761673596287,154.373971505404,302.671807396399,307.570401416512,118.968922811216,0,105.521412488547,320.332880270347,151.819121950317,28.0295376601661,181.393307462998,29.8828614561046,312.401975782587,315.404250362991,297.766768902365,289.403990631119,23.601742804488,554.116929189965,320.307002129855,432.533425101432,105.521412488547,155.767163572548,356.825220332913,197.238648156249,103.270963981182,160.596081428886,111.356181214929,58.6040824766804,255.581289419651,434.457058865042,40.7962551386666,41.5475787022886,334.895685150253,321.886182545257,40.7962551386666,181.393307462998,0,152.452304172805,430.555413219871,149.312232151917,108.21444799294,433.05375061324,320.307002129855,154.373971505404,430.555413219871,55.5847056285953,155.767163572548,507.559362107557,548.907681594407,302.671807396399,317.170649811588,430.555413219871,155.107201008793,310.698135022649,24.6610585973789,312.401975782587,29.8828614561047,358.242542252168,170.547990886035,362.73017705869,314.216751785961,540.068454527349,160.877846914892,151.666844779842,160.877846914892,151.901351447435,38.9474176638189,48.9348575034687,319.386027957772,394.261241614049,302.671807396399,162.33146373566,46.2561260402664,327.767248006573,54.9181600890502,385.596773574232,26.7307979660722,23.6017428044879,551.19398024332,160.877846914892,39.2069535603173,323.634613383293,163.158342605914,362.73017705869
502.784575099474,131.458937126955,392.938031854171,114.207793872512,131.316777656687,276.539696742502,146.673210378528,141.735426777416,266.771894464339,131.316777656687,270.113327210894,277.077542265335,255.386383240539,273.25800414038,505.116223406333,443.300999454793,304.538993881091,294.41505590236,502.936076690438,178.645847003515,285.443228865264,128.148410422969,495.146625992096,137.302364357369,150.354788628341,111.305310981079,55.6687470906049,313.354365763083,165.944385849391,123.340688623251,423.308074951799,116.794544303397,391.56283199659,307.971614021455,137.302364357369,266.771894464339,276.162177110965,383.759782200749,263.601999426935,265.821307304737,116.270279851414,109.992614229638,146.673210378528,95.9731357523506,224.975644802289,389.332185100575,131.334217651417,131.334217651417,328.999209316626,383.759782200749,99.2999575525536,317.251893368327,146.673210378528,128.213884091465,255.553125725938,409.232715281018,281.722238464919,131.316777656687,129.509285523096,141.735426777416,504.934732015563,344.308063977292,506.558359811519,266.54856784795,276.828754571861,272.253536906352,271.868747594504,257.289697430969,276.828754571861,165.944385849391,271.828996051931,401.025376348777,288.366561119915,252.972764845156,0,387.758955442002,262.002186242716,138.119227616357,63.0799298798263,392.938031854171,281.643511650261,139.380779447269,270.113327210894,114.631391074705,148.644197808675,62.1441687477463,314.901711618705,144.670370956816,127.798063214181,394.464988577032,510.043156538243,261.452263986246,366.959669018448,137.430742923289,60.2261165499103,120.988824281163,252.557996133123,388.181476432871,383.759782200749,53.2134191445943,88.9893286097051,60.2261165499103,128.148410422969,272.253536906352,63.0799298798263,239.871310000001,36.8369742467423,257.167939622124,262.002186242716,124.105158480002,152.452304172805,117.535364083395,274.304691197386,127.579050507519,137.430742923289,109.992614229638,138.950077896621,266.771894464339,270.187054377437,252.557996133123,244.290315202937,165.944385849391,506.416794593542,274.567886850227,385.834285735755,117.535364083395,45.3760033519378,310.608406311364,97.1370746733743,120.008234156254,97.1584702556046,117.889839690709,118.590241419847,212.048775431139,387.758955442002,135.947163126207,131.334217651417,288.366561119915,276.162177110965,135.947163126207,109.992614229638,152.452304172805,0,383.759782200749,53.2134191445941,101.824190741735,386.252854240227,274.567886850227,36.8369742467419,383.759782200749,138.119227616357,45.3760033519377,460.880622585869,501.090395352612,257.167939622124,271.569809667347,383.759782200749,43.7354249532936,265.109299337069,148.047112043915,266.771894464339,138.950077896621,311.746288292325,129.067732892683,316.422607160265,268.668240051961,492.105906863817,62.1441687477461,53.8475888445185,62.1441687477461,50.3688541877532,129.032553481423,123.340688623251,273.617436016326,347.244916851576,257.167939622124,66.1887431159503,125.875066089344,282.291802220762,120.988824281163,338.923977737337,144.647425907547,165.944385849391,503.264581038543,62.1441687477461,128.148410422969,277.898401129087,122.594916854964,316.422607160265
509.660381676598,409.708589208353,370.957783292531,392.01846152083,409.470376512072,327.168474277339,424.777595468058,419.856816484947,324.3748989374,409.470376512072,324.482646750987,319.973882678018,323.197092300917,323.577812418272,509.031854371162,421.379190848013,336.460790983346,312.572771520965,509.325047449703,361.721053500032,335.917533849647,406.284412623345,506.933022445454,415.431042318655,395.385265106501,390.601318108406,389.787727126742,311.189219970991,444.046809210552,401.377816715743,398.196623998565,369.914956032339,258.275392478811,299.402246818264,415.431042318655,324.3748989374,322.421482206533,0,323.584991487284,323.207123340553,394.299561320003,382.592087489889,424.777595468058,370.731001276089,342.070721143247,367.342625299662,409.359347004788,409.359347004788,299.507090832926,0,368.749150005359,298.736011863026,424.777595468058,363.572468107489,376.625923660186,383.506876431315,392.286683069994,409.470376512072,364.504910391043,419.856816484947,511.336521131373,351.833521309948,513.45721699534,323.40780526266,321.704051566844,324.036239676177,324.217260497781,324.076233198388,321.704051566844,444.046809210552,324.649211549765,439.83571192633,337.47166292679,323.627695141936,383.759782200749,365.777623414824,324.692806897499,416.001424174445,397.612149462543,370.957783292531,320.198967595656,417.467617608005,324.482646750987,391.934403930561,372.687740811303,385.265039497347,295.785396803331,408.625222960902,389.39509977605,371.345783655657,516.800166089279,313.571590486022,335.466221493038,415.539906031029,383.6972659841,398.894744606168,317.790867367214,239.205394728577,0,385.575620707504,377.264190082013,383.6972659841,406.284412623345,324.036239676177,397.612149462543,330.381743983638,384.230843170189,324.811632220489,324.692806897499,392.74771002475,430.555413219871,390.269684994882,323.147572289507,377.340168042375,415.539906031029,382.592087489889,417.093605955201,324.3748989374,328.162554260166,317.790867367214,326.345365660205,444.046809210552,506.284403903066,323.540897756247,363.838444750394,390.269684994882,384.255590874757,299.759747233876,422.37812649857,392.638726691475,369.652928984108,388.556077674288,396.524930432193,340.752911463719,365.777623414824,413.979128448919,409.359347004788,337.47166292679,322.421482206533,413.979128448919,382.592087489889,430.555413219871,383.759782200749,0,385.575620707504,383.243073314766,197.633951952705,323.540897756247,384.230843170189,0,416.001424174445,384.255590874756,438.99298056605,507.42624895718,324.811632220489,323.852869906866,0,384.960661035897,323.909988165339,426.174346662679,324.3748989374,417.093605955201,336.306013858462,364.736535233483,295.94805769206,324.146165515801,505.283364835049,385.265039497347,387.357846056218,385.265039497347,386.589749667043,407.206536770708,401.377816715743,323.317350177129,342.326770006948,324.811632220489,385.358771064388,403.898448530278,325.324702977169,398.894744606168,328.96213852089,422.778980754821,444.046809210552,514.721216312592,385.265039497347,406.284412623345,322.134396526453,366.795260566987,295.94805769206
504.724817701899,128.301248304763,394.74280196938,111.131333618116,128.172511322724,278.27358258185,143.533186437616,138.59335448556,268.449236787979,128.172511322724,271.79661823663,278.792923547411,257.039859272621,274.943886586982,507.049873105711,445.104615633791,306.315775304037,296.121079915678,504.874613659701,180.443926171857,287.219338624435,125.007945044452,497.099203658595,134.159956274456,154.307122106229,108.126180104325,36.6512128796438,315.092416879245,162.804317196413,120.21750819989,425.118684398975,116.401132529417,393.379144872165,309.7169683268,134.159956274456,268.449236787979,277.850935083949,385.575620707504,265.269824475494,267.487791011063,113.159287301745,115.235129192752,143.533186437616,99.8319180800493,226.441382696095,391.137073515876,128.208111059505,128.208111059505,330.766934996627,385.575620707504,102.303866563651,319.00708249879,143.533186437616,129.447785535001,257.554026077442,411.042149229809,283.916003409151,128.172511322724,130.561753594293,138.59335448556,506.873126721812,346.15230602124,508.497969773296,268.222571928566,278.521642455605,273.946136531132,273.553292474654,258.948179238655,278.521642455605,162.804317196413,273.47085308737,403.025654019409,290.148115429532,254.611956241949,53.2134191445941,389.564151604511,263.672133046116,135.011752583341,48.301932081919,394.74280196938,283.35986898259,136.244385119786,271.79661823663,111.618914007244,149.765085853695,72.4022227829258,316.659314222789,142.96181128313,132.42676900786,396.25875631947,511.98198790034,263.099094864345,368.823843201317,134.29121647027,71.7689733432262,117.885397166577,254.187376235412,389.996200937862,385.575620707504,0,84.7649360031162,71.7689733432262,125.007945044452,273.946136531132,48.301932081919,241.46232142762,56.0375269020915,258.830193640391,263.672133046116,122.018590588472,149.312232151917,115.085551668071,276.028058060053,126.996244906824,134.29121647027,115.235129192752,135.805330904486,268.449236787979,271.818131494466,254.187376235412,245.907269653078,162.804317196413,508.341321790934,276.258187529016,387.639604438311,115.085551668071,60.3659154118625,312.356170528956,105.649766217708,117.532325256207,100.756080557471,115.652763623286,115.486641266612,213.483803467941,389.564151604511,132.819251202289,128.208111059505,290.148115429532,277.850935083949,132.819251202289,115.235129192752,149.312232151917,53.2134191445941,385.575620707504,0,98.5732633908108,388.069388331521,276.258187529016,56.0375269020913,385.575620707504,135.011752583341,60.3659154118626,462.68351641907,503.029076624146,258.830193640391,273.244227867011,385.575620707504,55.1762123956733,266.781882898971,144.903396871255,268.449236787979,135.805330904486,313.525013245265,130.035782237662,318.181095403573,270.336519453237,494.061979578729,72.4022227829258,28.3022375920333,72.4022227829258,31.871293727088,125.886357403927,120.21750819989,275.311041371077,349.085788485906,258.830193640391,75.7437965877968,122.751754310661,283.952921205806,117.885397166577,340.724256355786,141.503486062878,162.804317196413,505.216615720778,72.4022227829258,125.007945044452,279.588669705802,123.363608615206,318.181095403573
503.170228761261,87.1564517169499,392.336080254575,69.5246828335851,87.0317274983462,275.431772824323,102.432252528846,97.4871854306732,265.242752025069,87.0317274983462,268.627887326916,275.829607420743,253.681053173079,271.790775875366,505.454257316142,442.690616164305,303.745013810591,293.089478942022,503.30913374774,178.266386305106,284.648227624648,83.8482171035047,495.621907351944,93.043789852691,164.430638298053,61.6643403059992,103.929617113979,312.264643234812,121.707807034193,79.0068935688917,422.749110154209,99.8685102106999,391.048842328012,306.936233954029,93.043789852691,265.242752025069,274.715356529631,383.243073314766,262.00194607557,264.210169753826,71.7054320944128,131.891493705399,102.432252528846,111.380024580256,221.864597202869,388.731098765302,87.073466783919,87.073466783919,328.130612066259,383.243073314766,109.843402314846,316.289388985599,102.432252528846,124.526305579572,256.436339846767,408.665213630529,283.953778448928,87.0317274983462,124.366035628737,97.4871854306732,505.30667971599,344.005773094389,506.939099705722,264.994004179103,275.412610726017,270.837278909328,270.392091307181,255.621771494757,275.412610726017,121.707807034193,270.028978557557,401.851887320885,287.611397977092,251.160523063512,101.824190741735,387.160112495538,260.419159265897,93.9124529425681,112.290290434709,392.336080254575,280.401818068079,95.1282694921303,268.627887326916,70.1668683197159,143.65247417886,110.530018886298,313.956259051359,112.81800216331,146.045801446953,393.782900681488,510.418032602423,259.689965879938,366.798627814874,93.1739195780091,108.182156058474,76.6525260079347,250.668674652767,387.656020701225,383.243073314766,98.5732633908108,56.304838711006,108.182156058474,83.8482171035047,270.837278909328,112.290290434709,237.703609841102,103.821942427036,255.528860557676,260.419159265897,88.0408016921692,108.21444799294,76.9378285812839,273.117925574511,107.910718861647,93.1739195780091,131.891493705399,94.6921854245076,265.242752025069,268.3071154813,250.668674652767,242.315084158698,121.707807034193,506.688693843438,273.133491919206,385.236340573281,76.9378285812839,105.264248576862,309.59092090132,146.876879155841,79.6676584198684,111.034698615317,79.8595399838323,74.1704986526412,208.715131763623,387.160112495538,91.6961864104032,87.073466783919,287.611397977092,274.715356529631,91.6961864104032,131.891493705399,108.21444799294,101.824190741735,383.243073314766,98.5732633908108,0,385.740904098564,273.133491919206,103.821942427036,383.243073314766,93.9124529425683,105.264248576862,460.264961929795,501.464619131789,255.528860557676,270.016797845893,383.243073314766,104.572571277417,263.544713176252,103.808706823543,265.242752025069,94.6921854245077,310.965445982308,123.270994017945,315.48377872971,267.069980226552,492.606606840158,110.530018886298,100.993622143744,110.530018886298,101.241461039986,84.7309888582336,79.0068935688915,272.20810353054,346.916731023576,255.528860557676,112.0363617662,81.5770070426162,280.63440867833,76.6525260079349,338.298019924171,100.403235043391,121.707807034193,503.736244864539,110.530018886298,83.8482171035048,276.462353821315,115.7161725669,315.48377872971
508.831503948271,412.206908586259,368.647113759688,394.516829724406,411.968707423046,330.471543340246,427.27593267915,422.35515163545,327.065063029929,411.968707423046,327.198079378562,323.054734973643,325.793082175907,326.253722268528,508.111054181626,419.086199048146,340.521777876118,313.62224975214,508.431866428659,364.262355258577,339.499961068135,408.782745422962,506.350262526328,417.929376488003,397.857384776148,393.099477214287,392.281303342823,311.432966272759,446.545146696777,403.876160873987,395.542036907338,372.416833720854,221.081336505101,299.842841490678,417.929376488003,327.065063029929,325.048223621398,197.633951952705,326.198747768054,325.74711350867,396.797904157133,385.076830073632,427.27593267915,373.222420649925,344.545272359205,365.030019877341,411.857693371158,411.857693371158,303.402800776833,197.633951952705,371.242084847581,299.482841555985,427.27593267915,366.077267277687,379.275413129176,380.80219834241,394.527609977428,411.968707423046,367.010407466346,422.35515163545,510.430509091326,356.780921726532,512.570528564621,326.040803888671,324.378064231835,326.84507571844,326.914026031265,326.703079196753,324.378064231835,446.545146696777,326.548778612209,441.178412230567,341.106123878137,326.144331274836,386.252854240227,363.461486489859,327.374563313492,418.499788061936,400.105637130201,368.647113759688,323.255356732656,419.965956752531,327.198079378562,394.432835059982,375.197867300226,387.756784294981,295.626180971937,411.125455673455,391.876073974577,369.092873242918,515.873012415139,315.534325572612,339.951766759609,418.038242507012,386.189297479042,401.393104425258,320.062083633201,189.68960388181,197.633951952705,388.069388331521,379.761248808568,386.189297479042,408.782745422962,326.84507571844,400.105637130201,332.903426205877,386.723623335024,327.483807633682,327.374563313492,395.24728294061,433.05375061324,392.768691984662,326.353047829356,379.842803638629,418.038242507012,385.076830073632,419.591938397205,327.065063029929,330.150495795293,320.062083633201,328.885598426961,446.545146696777,505.183645481826,326.263616815426,361.520203204033,392.768691984662,386.748130266614,300.280526140352,424.869924076341,395.137757060971,372.144665869588,391.055363502824,399.0232859849,343.265822201873,363.461486489859,416.477474094481,411.857693371158,341.106123878137,325.048223621398,416.477474094481,385.076830073632,433.05375061324,386.252854240227,197.633951952705,388.069388331521,385.740904098564,0,326.263616815426,386.723623335024,197.633951952705,418.499788061936,386.748130266614,436.71100481561,506.552573358826,327.483807633682,326.382046628999,197.633951952705,387.453402856582,326.560825733158,428.672681265319,327.065063029929,419.591938397205,340.612787676206,367.241970007317,295.863425944682,326.663699876665,504.772534084929,387.756784294981,389.851506160349,387.756784294981,389.083265695355,409.704865069692,403.876160873987,326.109321538283,347.874598215004,327.483807633682,387.850225615844,406.396794713934,327.023633837806,401.393104425258,335.164082059909,425.277314778764,446.545146696777,514.189661353897,387.756784294981,408.782745422962,324.732290348368,369.298116797653,295.863425944682
472.258540908355,299.464969479396,331.81203179355,281.764739004491,299.223861812169,194.883674855723,314.529255547382,309.609059786063,136.635570745331,299.223861812169,118.641218337821,161.444352858141,164.708074933973,88.4617993246131,473.261294270114,381.914134783322,237.40985537405,214.077573950812,471.931853473893,251.092374924683,227.471440361465,296.037520496145,467.362214501149,305.183588478579,288.924597863564,280.403833166997,280.503149948792,236.025867160871,333.798362924553,291.128445270444,363.126495979222,259.063542863538,331.564497245602,229.910825524219,305.183588478579,136.635570745331,118.574697818606,323.540897756247,147.563379868351,148.367462815608,284.051373618675,274.654189735322,314.529255547382,261.965447890949,214.804321499178,328.231378223239,299.109020263046,299.109020263046,252.588141805162,323.540897756247,259.805741873801,239.99824020048,314.529255547382,253.175375384984,277.095101686385,348.737616128854,307.935770437879,299.223861812169,253.835728164287,309.609059786063,473.86242972005,297.289625630756,475.737548406897,135.463193054136,114.85395827102,119.576283996891,97.9569738851814,163.150320539426,114.85395827102,333.798362924553,198.549753679952,386.739012892451,231.771043975206,171.927527356599,274.567886850227,326.736873684668,154.421830359567,305.746688611752,288.342782647045,331.81203179355,163.312765029137,307.218895629306,118.641218337821,281.665583476652,261.448759734974,276.296152012002,239.812872494217,297.879002715179,281.930769704665,330.438179410274,478.95039955534,184.257638450765,321.829628838086,305.291868651815,274.686568734977,288.641800790826,176.490862742227,327.701375582974,323.540897756247,276.258187529016,267.320967983962,274.686568734977,296.037520496145,119.576283996891,288.342782647045,193.637196868632,275.087656990717,165.273755894714,154.421830359567,282.192021074289,320.307002129855,279.866810251851,180.303514505544,266.097712226646,305.291868651815,274.654189735322,306.846582872142,136.635570745331,199.627215742308,176.490862742227,184.259703998051,333.798362924553,472.595513618557,0,324.835468257168,279.866810251851,275.153677139585,232.555254930132,313.396099475441,282.222819924191,260.859965267055,278.084969373092,286.273307054534,216.133717090061,326.736873684668,303.728872631011,299.109020263046,231.771043975206,118.574697818606,303.728872631011,274.654189735322,320.307002129855,274.567886850227,323.540897756247,276.258187529016,273.133491919206,326.263616815426,0,275.087656990717,323.540897756247,305.746688611752,275.153677139585,399.329070208035,470.175536006403,165.273755894714,142.00496063883,323.540897756247,275.822554143259,141.959506825639,315.926690826457,136.635570745331,306.846582872142,243.213235007597,253.990134070645,241.283431184919,148.930709802694,465.109572445323,276.296152012002,278.058850387952,276.296152012002,277.316476877557,296.960731693049,291.128445270444,98.3179970275673,297.837780114979,165.273755894714,276.437295404202,293.648419853007,205.433921850196,288.641800790826,275.076404916042,312.531500230859,333.798362924553,475.528030047283,276.296152012002,296.037520496145,133.189600989655,256.294941296538,241.283431184919
503.206857641415,133.383959654256,393.413100009868,116.123801058919,133.239747390446,277.043070527224,148.594919681124,143.657493974402,267.296687897043,133.239747390446,270.635827910991,277.587785598714,255.920320274537,273.779453555924,505.541106336725,443.776515901657,305.025756664842,294.9283377594,503.359011602116,179.141205551804,285.930508348161,130.071133104855,495.56408244336,139.224647934247,149.906286535096,113.257159731821,56.69206378873,313.855329805896,167.866033792156,125.261498298292,423.780895055311,118.070917503484,392.033658559634,308.469805269583,139.224647934247,267.296687897043,276.68247249583,384.230843170189,264.130398273788,266.350145763929,118.191570751312,108.838408400258,148.594919681124,95.961896314398,225.580271463438,389.807207350226,133.254434535907,133.254434535907,329.488930790778,384.230843170189,99.6132826395578,317.74633160608,148.594919681124,128.964260857965,255.955711477639,409.705995497383,282.045685292075,133.239747390446,130.318580293957,143.657493974402,505.35771698739,344.768560362244,506.980866459296,267.074591241976,277.347479274401,272.7725003183,272.390737870849,257.821744988278,277.347479274401,167.866033792156,272.366833982242,401.424510413474,288.851731885843,253.512083253995,36.8369742467419,388.23385781151,262.529857993418,140.036237600055,63.169570613178,393.413100009868,282.153318927802,141.302217577502,270.635827910991,116.534764297459,149.411971314921,56.4671474524194,315.395174577952,146.275032685769,126.996727385598,394.944347037345,510.46595242744,261.988255949831,367.412129279059,139.352640338004,56.6513357607662,122.906692409003,253.100786517564,388.652929250103,384.230843170189,56.0375269020913,91.1981405434749,56.6513357607662,130.071133104855,272.7725003183,63.169570613178,240.429092774808,0,257.698604782547,262.529857993418,125.804300594943,154.373971505404,119.323219794042,274.812017861133,128.887249240986,139.352640338004,108.838408400258,140.872637535581,267.296687897043,270.729003416086,253.100786517564,244.838222705622,167.866033792156,506.84525772349,275.087656990717,386.309140645048,119.323219794042,32.7741017966939,311.10568030062,90.7179276476025,121.797828089995,97.2354761062625,119.628742652819,120.508998900826,212.665362688112,388.23385781151,137.8674858527,133.254434535907,288.851731885843,276.68247249583,137.8674858527,108.838408400258,154.373971505404,36.8369742467419,384.230843170189,56.0375269020913,103.821942427036,386.723623335024,275.087656990717,0,384.230843170189,140.036237600055,32.7741017966942,461.356419700609,501.513282527831,257.698604782547,272.095579377189,384.230843170189,31.531640766253,265.635896299157,149.969201791955,267.296687897043,140.872637535581,312.232226662269,129.905688849989,316.915736175966,269.196366613464,492.52199766477,56.4671474524195,55.723913850403,56.4671474524195,52.1231776403964,130.956056864036,125.261498298292,274.135982274813,347.706635991981,257.698604782547,61.1505356469093,127.795412543415,282.82228210763,122.906692409003,339.40137726459,146.56964289355,167.866033792157,503.682274077113,56.4671474524195,130.071133104855,278.418093548368,123.519171007938,316.915736175966
509.660381676598,409.708589208353,370.957783292531,392.01846152083,409.470376512072,327.168474277339,424.777595468058,419.856816484947,324.3748989374,409.470376512072,324.482646750987,319.973882678018,323.197092300917,323.577812418272,509.031854371162,421.379190848013,336.460790983346,312.572771520965,509.325047449703,361.721053500032,335.917533849647,406.284412623345,506.933022445454,415.431042318655,395.385265106501,390.601318108406,389.787727126742,311.189219970991,444.046809210552,401.377816715743,398.196623998565,369.914956032339,258.275392478811,299.402246818264,415.431042318655,324.3748989374,322.421482206533,0,323.584991487284,323.207123340553,394.299561320003,382.592087489889,424.777595468058,370.731001276089,342.070721143247,367.342625299662,409.359347004788,409.359347004788,299.507090832926,0,368.749150005359,298.736011863026,424.777595468058,363.572468107489,376.625923660186,383.506876431315,392.286683069994,409.470376512072,364.504910391043,419.856816484947,511.336521131373,351.833521309948,513.45721699534,323.40780526266,321.704051566844,324.036239676177,324.217260497781,324.076233198388,321.704051566844,444.046809210552,324.649211549765,439.83571192633,337.47166292679,323.627695141936,383.759782200749,365.777623414824,324.692806897499,416.001424174445,397.612149462543,370.957783292531,320.198967595656,417.467617608005,324.482646750987,391.934403930561,372.687740811303,385.265039497347,295.785396803331,408.625222960902,389.39509977605,371.345783655657,516.800166089279,313.571590486022,335.466221493038,415.539906031029,383.6972659841,398.894744606168,317.790867367214,239.205394728577,0,385.575620707504,377.264190082013,383.6972659841,406.284412623345,324.036239676177,397.612149462543,330.381743983638,384.230843170189,324.811632220489,324.692806897499,392.74771002475,430.555413219871,390.269684994882,323.147572289507,377.340168042375,415.539906031029,382.592087489889,417.093605955201,324.3748989374,328.162554260166,317.790867367214,326.345365660205,444.046809210552,506.284403903066,323.540897756247,363.838444750394,390.269684994882,384.255590874757,299.759747233876,422.37812649857,392.638726691475,369.652928984108,388.556077674288,396.524930432193,340.752911463719,365.777623414824,413.979128448919,409.359347004788,337.47166292679,322.421482206533,413.979128448919,382.592087489889,430.555413219871,383.759782200749,0,385.575620707504,383.243073314766,197.633951952705,323.540897756247,384.230843170189,0,416.001424174445,384.255590874756,438.99298056605,507.42624895718,324.811632220489,323.852869906866,0,384.960661035897,323.909988165339,426.174346662679,324.3748989374,417.093605955201,336.306013858462,364.736535233483,295.94805769206,324.146165515801,505.283364835049,385.265039497347,387.357846056218,385.265039497347,386.589749667043,407.206536770708,401.377816715743,323.317350177129,342.326770006948,324.811632220489,385.358771064388,403.898448530278,325.324702977169,398.894744606168,328.96213852089,422.778980754821,444.046809210552,514.721216312592,385.265039497347,406.284412623345,322.134396526453,366.795260566987,295.94805769206
536.067141002324,42.0913721275582,425.077895790751,54.3813452537186,37.5317110714057,308.102038250499,49.7833040788345,45.5320336714701,297.841010214085,37.5317110714057,301.23318471627,308.474445703468,286.250337973029,304.398409290057,538.34397704767,475.431094855769,336.465095945749,325.715343865006,536.20396859639,211.219912253312,317.370805813203,34.5414010542324,528.532693830812,41.5716815876723,198.961299618819,80.7149437635746,140.252304507211,344.929098667047,69.0982084768391,34.2779214455086,455.497988890139,131.05235676683,423.8071159882,339.609993185764,41.5716815876723,297.841010214085,307.325759972066,416.001424174445,294.588063323961,296.793598795708,47.873433949648,166.955537970665,49.7833040788345,146.557847700376,254.188819129596,421.473052222182,28.4034294514449,28.4034294514449,360.833082140598,416.001424174445,144.866908048612,348.975393299773,49.7833040788345,157.567706934881,289.445593857189,441.412777055274,317.138168458793,37.5317110714057,157.167132519811,45.5320336714701,538.201295604698,376.802636127039,539.835053217145,297.587515320747,308.028204267544,303.454297651576,302.99849398351,288.197533657908,308.028204267544,69.0982084768391,302.575902481638,434.819922864036,320.340289611835,283.711162872011,138.119227616357,419.902417176389,293.009069116692,0,148.548242234795,425.077895790751,313.047004805686,41.0540661061496,301.23318471627,58.200314156471,176.225641379843,146.514838797422,346.644542390414,133.246256079922,180.886968429924,426.512219998768,543.312950153885,292.243920005803,399.614907071087,40.600789095717,144.213040517645,38.5949522316074,283.203127123077,420.412574903975,416.001424174445,135.011752583341,96.5688030366314,144.213040517645,34.5414010542324,303.454297651576,148.548242234795,270.196169417887,140.036237600055,288.110093770737,293.009069116692,103.784816668777,55.5847056285953,90.3746108260357,305.774390434211,137.112484394634,40.600789095717,166.955537970665,43.9276037830848,297.841010214085,300.840606072185,283.203127123077,274.839865098393,69.0982084768391,539.568270914241,305.746688611752,417.978789660949,90.3746108260357,141.42263188284,342.267714302405,182.881643132667,87.868538110448,146.146519372385,96.2390019302925,43.4115219330832,241.007277445464,419.902417176389,32.4285267034707,28.4034294514449,320.340289611835,307.325759972066,32.4285267034707,166.955537970665,55.5847056285953,138.119227616357,416.001424174445,135.011752583341,93.9124529425683,418.499788061936,305.746688611752,140.036237600055,416.001424174445,0,141.42263188284,493.004604533545,534.3597085446,288.110093770737,302.609468561918,416.001424174445,140.771483670556,296.136912224608,51.9343314083869,297.841010214085,43.9276037830848,343.68687216272,155.97983316172,348.173218818445,299.655251653092,525.521342207494,146.514838797422,137.367434720387,146.514838797422,137.594711115313,36.8712742600065,34.2779214455084,304.82590537752,379.708659425895,288.110093770737,147.962882650245,30.9284897117506,313.205197002215,38.5949522316076,371.042118569657,48.806056224343,69.098208476839,536.646676342258,146.514838797422,34.5414010542322,309.074259400276,148.592466758112,348.173218818445
503.190426811587,134.781102746601,393.441328526969,117.505029864089,134.634047056303,277.095045124704,149.988118091315,145.051143711932,267.366965840014,134.634047056303,270.704158581676,277.645672847101,255.998380432576,273.84690696525,505.526866136502,443.80512409054,305.063646431387,294.988974784158,503.343136406741,179.181404259876,285.968760037344,131.464736498951,495.543574355114,140.618422825753,149.179545512342,114.66801544939,61.0423509009831,313.905497544515,169.259218716193,126.651689759655,423.807213563631,118.793463463806,392.05822262076,308.517605549301,140.618422825753,267.366965840014,276.748959375483,384.255590874756,264.203757025641,266.42390088375,119.580005854975,107.577709660223,149.988118091315,95.481616003197,225.718865344211,389.835396972669,134.644895176739,134.644895176739,329.529492098665,384.255590874756,99.4144239469439,317.790933247208,149.988118091315,129.210317236237,255.921445121433,409.732702666854,281.945644036712,134.634047056303,130.61794547001,145.051143711932,505.341885767465,344.784220849507,506.964631994801,267.145930665471,277.412625879011,272.837811694037,272.458643107353,257.898188524674,277.412625879011,169.259218716193,272.44837866074,401.388421069979,288.888195642481,253.594750846059,45.3760033519377,388.261945999274,262.602572255369,141.42263188284,67.3824135876592,393.441328526969,282.210853654336,142.694739640382,270.704158581676,117.901584701137,149.680397581271,51.5619325814864,315.438961369547,147.328013891796,125.999325049858,394.976204417519,510.449966955123,262.068211750768,367.421070462055,140.74582107385,52.4867888516382,124.292748133274,253.186494803212,388.678020984079,384.255590874756,60.3659154118626,92.8622161984932,52.4867888516382,131.464736498951,272.837811694037,67.3824135876592,240.527474006858,32.7741017966942,257.773852971598,262.602572255369,126.952426315638,155.767163572548,120.561505019146,274.867379929224,129.648625040051,140.74582107385,107.577709660223,142.266882717192,267.366965840014,270.81405267557,253.186494803212,244.92817979798,169.259218716193,506.834038899424,275.153677139585,386.33718859447,120.561505019146,0,311.152698099482,87.6740395267787,123.040227603153,96.8353371612211,120.815835881128,121.895389428162,212.8140792427,388.261945999274,139.258270490526,134.644895176739,288.888195642481,276.748959375483,139.258270490526,107.577709660223,155.767163572548,45.3760033519377,384.255590874756,60.3659154118626,105.264248576862,386.748130266614,275.153677139585,32.7741017966942,384.255590874756,141.42263188284,0,461.385265582703,501.49736438411,257.773852971598,272.166731312292,384.255590874757,35.283443819967,265.707715115501,151.363127100071,267.366965840014,142.266882717193,312.269438719369,130.230555931162,316.959237139654,269.269522990285,492.500335283917,51.5619325814862,60.1127307683631,51.5619325814862,56.8465899075951,132.350842504738,126.651689759655,274.200948138239,347.723357814655,257.773852971598,57.0763366496052,129.185469935021,282.897557968854,124.292748133274,339.431406283944,147.963646094334,169.259218716193,503.661958621779,51.5619325814862,131.464736498951,278.484074493013,123.914769757854,316.959237139654
550.669093322714,486.713152753577,129.959660238196,469.021895625015,486.474578764051,410.478950569476,501.781554824305,496.86085279454,399.871503242792,486.474578764051,400.256705344269,400.187970394807,397.619764128394,398.759608251329,551.270327506336,69.411721260204,427.938537357056,362.424345957266,547.491604105868,439.205951516374,423.312590043746,483.288573696385,552.009164296395,492.435119918252,472.713317963675,467.61197006511,466.898888456478,350.69355231199,521.050752960811,478.381691427404,326.991358825298,446.860698424733,435.233709680501,350.30404240962,492.435119918252,399.871503242792,396.918717758116,438.99298056605,398.071937951776,396.608573858294,471.303635118538,459.824429145401,501.781554824305,447.904868977831,415.964345062338,135.080236210259,486.36307784889,486.36307784889,397.020225170287,438.99298056605,445.911550361151,363.427419615873,501.781554824305,440.636728052554,457.046452683508,321.056715114097,470.772902890935,486.474578764051,441.531322574059,496.86085279454,548.62471778233,456.584021520133,550.813689830221,398.10231564404,396.82343119788,401.002067022676,399.705488299732,398.915137863625,396.82343119788,521.050752960811,387.87221288267,516.415306042664,425.535948053011,396.961956465949,460.880622585869,146.887525070904,400.19744342591,493.004604533545,474.724823389142,129.959660238196,400.051067896165,494.471535684098,400.256705344269,468.935999420452,449.677180157915,462.407682649554,346.833046271911,485.566028796796,466.661630262957,301.61900458378,551.733721819705,378.015548989629,454.166303419264,492.543910487252,460.836311282284,475.898196038746,387.280431801452,434.327963697066,438.99298056605,462.68351641907,454.305223222993,460.836311282284,483.288573696385,401.002067022676,474.724823389142,404.351843393087,461.356419700609,400.324102136636,400.19744342591,469.713642919618,507.559362107557,467.255235436004,405.099901773533,454.226821768084,492.543910487252,459.824429145401,494.097737181794,399.871503242792,392.84748161953,387.280431801452,400.35204960052,521.050752960811,548.037145620982,399.329070208035,148.621876175336,467.255235436004,461.385265582703,354.265599502692,499.519156424504,469.622222664036,446.826101237219,465.533266202065,473.528561537723,415.633879151959,146.887525070904,490.982861258894,486.36307784889,425.535948053011,396.918717758116,490.982861258894,459.824429145401,507.559362107557,460.880622585869,438.99298056605,462.68351641907,460.264961929795,436.71100481561,399.329070208035,461.356419700609,438.99298056605,493.004604533545,461.385265582703,0,546.954112073988,400.324102136636,397.047119070178,438.99298056605,462.086628738356,398.889792945832,503.178393371048,399.871503242792,494.097737181794,429.894079581675,441.748743725717,350.279718579795,397.205497490398,551.676480700654,462.407682649554,464.467572860057,462.407682649554,463.702108866218,484.21083085537,478.381691427404,400.023932180865,452.397762178404,400.324102136636,462.505945275193,480.902232171194,385.285554062735,475.898196038746,438.282492245105,499.783051194506,521.050752960811,562.679869831365,462.407682649554,483.288573696385,396.24702929414,443.815979632049,350.279718579795
238.855776880546,528.056326490709,476.878447263183,510.375906542058,527.820860311578,472.369687266964,543.129797663407,538.208468686774,468.579286185875,527.820860311578,469.579375120485,468.542249648909,464.80795909866,469.800376497542,360.966609618876,528.551128489552,486.67164790642,461.456326458689,256.721581805874,481.322122356488,478.459080892021,524.635259954491,351.458100369386,533.782410304153,509.894541972536,508.905719345364,507.208816797792,462.283706099527,562.399110358459,519.731036332745,503.792578782244,488.85602307121,507.914266907347,456.115420516873,533.782410304153,468.579286185875,469.747045796054,507.42624895718,467.165789138547,467.436251845868,512.651708716467,498.662199841514,543.129797663407,487.662057789087,474.604498229982,473.14285334463,527.713450527142,527.713450527142,480.038815340417,507.42624895718,485.866421705265,463.454052504465,543.129797663407,482.182081458359,491.78426285161,491.675970939965,484.251580396896,527.820860311578,483.359230767021,538.208468686774,297.346356699826,502.354567798541,313.594064901585,467.814802507252,469.482792877095,469.868310391575,469.878563655647,465.911862436058,469.482792877095,562.399110358459,468.523729372784,494.899495972587,480.07136863741,464.625484651525,501.090395352612,471.189494038072,467.533645863205,534.3597085446,515.01825680691,476.878447263183,470.237817017156,535.820187869129,469.579375120485,510.306202407915,492.115581030429,502.375305389503,455.447129460694,527.447500940589,504.972842249148,492.66966534484,364.241721639603,457.843320081918,492.625718400861,533.891827506648,500.84975094948,517.251371754149,459.870532775042,506.937310233369,507.42624895718,503.029076624146,495.326164690227,500.84975094948,524.635259954491,469.868310391575,515.01825680691,467.180598045966,501.513282527831,466.374056878169,467.533645863205,511.391161818942,548.907681594407,508.769115163212,469.426086413885,496.635141613318,533.891827506648,498.662199841514,535.444564973015,468.579286185875,471.172980593712,459.870532775042,464.801799386761,562.399110358459,412.943786960193,470.175536006403,469.13754869863,508.769115163212,501.49736438411,458.412624149867,539.500744030328,511.150086001272,486.614756593826,507.120194188686,514.880320243538,471.235958481851,471.189494038072,532.333158942445,527.713450527142,480.07136863741,469.747045796054,532.333158942445,498.662199841514,548.907681594407,501.090395352612,507.42624895718,503.029076624146,501.464619131789,506.552573358826,470.175536006403,501.513282527831,507.42624895718,534.3597085446,501.49736438411,546.954112073988,0,466.374056878169,469.40665814534,507.42624895718,502.23789018464,467.79881826657,544.525900909737,468.579286185875,535.444564973015,489.765324191093,483.655237416435,457.236850729743,468.849473276792,367.772584228151,502.375305389503,504.793136929077,502.375305389503,503.999832413296,525.556350506882,519.731036332745,469.764445376444,499.680578779297,466.374056878169,502.42199854435,522.25228304183,470.736097906894,517.251371754149,498.598348082145,541.130370343084,562.399110358459,390.390200392168,502.375305389503,524.635259954491,469.997158915759,485.452920796824,457.236850729743
468.390444955207,281.830827514163,332.742118231861,264.128339786076,281.589081393945,192.901118525052,296.894076128966,291.974007950881,138.917685924632,281.589081393945,150.863983989184,181.37509235551,107.111538247053,161.9783889109,469.576422498718,382.883875481616,236.774698080056,216.134181256176,468.153016418774,233.353117769283,221.361600013988,278.402655510056,463.071645563227,287.548602629668,272.134844872581,262.779816569797,263.082502476811,239.522332132781,316.163160610036,273.493028089214,363.996412415193,241.291569612104,332.77841245446,234.462700920988,287.548602629668,138.917685924632,171.130487185141,324.811632220489,132.43303680357,148.034336306692,266.416206634619,257.534815050182,296.894076128966,244.660681766659,193.631687679685,329.15792570011,281.473398003135,281.473398003135,258.159461072541,324.811632220489,242.46094084562,245.005408031743,296.894076128966,235.498252982158,262.542852689309,349.668641745928,295.956114641784,281.589081393945,236.097127283835,291.974007950881,470.099636193237,294.234251158782,471.938645531682,142.868133314659,173.085974956003,159.884630091662,156.844801676011,89.2192438855253,173.085974956003,316.163160610036,191.683857407798,379.919451450136,225.844973287897,135.749301283462,257.167939622124,327.649706722092,110.62781157805,288.110093770737,270.925536063978,332.742118231861,187.557209886279,289.583630455591,150.863983989184,264.025841852167,243.575955147172,258.946079752049,243.880577777063,280.133996805271,264.917244998484,331.898288123953,475.207966425198,178.229116742037,319.589849854296,287.656754214938,257.32713144516,271.005590206599,162.358359958311,329.025449936322,324.811632220489,258.830193640391,249.753340735864,257.32713144516,278.402655510056,159.884630091662,270.925536063978,165.818785790906,257.698604782547,0,110.62781157805,264.488859708001,302.671807396399,262.197314177901,183.584946622969,248.240428292939,287.656754214938,257.534815050182,289.211692015513,138.917685924632,190.878627168281,162.358359958311,150.790446958898,316.163160610036,469.204471703458,165.273755894714,325.745585758973,262.197314177901,257.773852971598,237.324261247158,296.043095112684,264.550538913103,243.54901994786,260.400353247717,268.637384660918,195.04942877036,327.649706722092,286.093267679506,281.473398003135,225.844973287897,171.130487185141,286.093267679506,257.534815050182,302.671807396399,257.167939622124,324.811632220489,258.830193640391,255.528860557676,327.483807633682,165.273755894714,257.698604782547,324.811632220489,288.110093770737,257.773852971598,400.324102136636,466.374056878169,0,161.534766772011,324.811632220489,258.434641876935,134.641248758615,298.291661677318,138.917685924632,289.211692015513,243.906933626605,236.234509977788,245.455520616535,155.314398499789,460.696140762178,258.946079752049,260.634979132448,258.946079752049,259.898352922739,279.326107070095,273.493028089214,163.962921289345,295.666902363953,0,259.097829735365,276.012859701791,201.722489452655,271.005590206599,276.411683400952,294.896509320234,316.163160610036,471.203357407881,258.946079752049,278.402655510057,175.483821765267,238.597488873038,245.455520616535
471.506899894873,296.329291961812,329.567008186699,278.627729691785,296.087782036524,203.70137749345,311.392913973749,306.472801484603,142.214865913134,296.087782036524,141.54150665523,180.143658515773,155.123521482129,130.285605888914,472.531093689698,379.64632913298,242.864260175497,207.068811769595,471.146131338693,248.238695308856,232.118307211606,292.901391505449,466.649155782599,302.047374155152,286.231938828897,277.274757314705,277.493277477681,231.835093495772,330.662005314904,287.991984269036,361.102149672804,255.853209195912,331.434298831115,226.911198102442,302.047374155152,142.214865913134,130.579169092877,323.852869906866,135.691950301598,112.769246123489,280.915105436173,271.804818733925,311.392913973749,259.026330956279,208.244293534166,325.988841053995,295.97241309964,295.97241309964,253.473289604795,323.852869906866,256.848092677677,238.299146204921,311.392913973749,250.066494887821,276.091180352699,346.714779247615,307.003184763024,296.087782036524,250.686838644975,306.472801484603,473.066005257651,299.442811680626,474.940715055408,127.37830834868,141.692175372963,155.994036792267,135.344705355919,155.755065910752,141.692175372963,330.662005314904,186.749888120673,386.514394570666,236.214783268697,159.278313265965,271.569809667347,324.499371968658,152.833572137256,302.609468561918,285.33480279288,329.567008186699,181.412252021272,304.082504433466,141.54150665523,278.526500329116,258.243024972016,273.325610259382,237.460824184123,294.672789065006,279.133354573125,328.052645127368,478.124741012782,171.321154800729,322.73852142639,302.155573083881,271.711139236555,285.504855537975,160.844793867039,327.656615236999,323.852869906866,273.244227867011,264.226480470639,271.711139236555,292.901391505449,155.994036792267,285.33480279288,186.041188405322,272.095579377189,161.534766772011,152.833572137256,279.013096387282,317.170649811588,276.709461841385,192.213477276882,262.82644827619,302.155573083881,271.804818733925,303.710428318333,142.214865913134,187.572570657981,160.844793867039,175.992179684783,330.662005314904,471.86341232335,142.00496063883,322.600772202059,276.709461841385,272.166731312292,229.92710701772,310.423755397342,279.063421530764,257.918589113445,274.918207885702,283.136553540587,210.62268469053,324.499371968658,300.592271614022,295.97241309964,236.214783268697,130.579169092877,300.592271614022,271.804818733925,317.170649811588,271.569809667347,323.852869906866,273.244227867011,270.016797845893,326.382046628999,142.00496063883,272.095579377189,323.852869906866,302.609468561918,272.166731312292,397.047119070178,469.40665814534,161.534766772011,0,323.852869906866,272.831044205754,137.847755402534,312.790445329595,142.214865913134,303.710428318333,248.492303886304,250.827684158059,239.104474144675,93.7418064611493,464.409452070236,273.325610259382,275.047183456113,273.325610259382,274.308053098577,293.824752314385,287.991984269036,152.807825834595,299.871553559059,161.534766772011,273.472548895042,290.511862568588,194.642106771541,285.504855537974,278.187555670602,309.395280099877,330.662005314904,474.8555449193,273.325610259382,292.90139150545,136.121727259638,253.152721891462,239.104474144675
509.660381676598,409.708589208353,370.957783292531,392.01846152083,409.470376512072,327.168474277339,424.777595468058,419.856816484947,324.3748989374,409.470376512072,324.482646750987,319.973882678018,323.197092300917,323.577812418272,509.031854371162,421.379190848013,336.460790983346,312.572771520965,509.325047449703,361.721053500032,335.917533849647,406.284412623345,506.933022445454,415.431042318655,395.385265106501,390.601318108406,389.787727126742,311.189219970991,444.046809210552,401.377816715743,398.196623998565,369.914956032339,258.275392478811,299.402246818264,415.431042318655,324.3748989374,322.421482206533,0,323.584991487284,323.207123340553,394.299561320003,382.592087489889,424.777595468058,370.731001276089,342.070721143247,367.342625299662,409.359347004788,409.359347004788,299.507090832926,0,368.749150005359,298.736011863026,424.777595468058,363.572468107489,376.625923660186,383.506876431315,392.286683069994,409.470376512072,364.504910391043,419.856816484947,511.336521131373,351.833521309948,513.45721699534,323.40780526266,321.704051566844,324.036239676177,324.217260497781,324.076233198388,321.704051566844,444.046809210552,324.649211549765,439.83571192633,337.47166292679,323.627695141936,383.759782200749,365.777623414824,324.692806897499,416.001424174445,397.612149462543,370.957783292531,320.198967595656,417.467617608005,324.482646750987,391.934403930561,372.687740811303,385.265039497347,295.785396803331,408.625222960902,389.39509977605,371.345783655657,516.800166089279,313.571590486022,335.466221493038,415.539906031029,383.6972659841,398.894744606168,317.790867367214,239.205394728577,0,385.575620707504,377.264190082013,383.6972659841,406.284412623345,324.036239676177,397.612149462543,330.381743983638,384.230843170189,324.811632220489,324.692806897499,392.74771002475,430.555413219871,390.269684994882,323.147572289507,377.340168042375,415.539906031029,382.592087489889,417.093605955201,324.3748989374,328.162554260166,317.790867367214,326.345365660205,444.046809210552,506.284403903066,323.540897756247,363.838444750394,390.269684994882,384.255590874757,299.759747233876,422.37812649857,392.638726691475,369.652928984108,388.556077674288,396.524930432193,340.752911463719,365.777623414824,413.979128448919,409.359347004788,337.47166292679,322.421482206533,413.979128448919,382.592087489889,430.555413219871,383.759782200749,0,385.575620707504,383.243073314766,197.633951952705,323.540897756247,384.230843170189,0,416.001424174445,384.255590874757,438.99298056605,507.42624895718,324.811632220489,323.852869906866,0,384.960661035897,323.909988165339,426.174346662679,324.3748989374,417.093605955201,336.306013858462,364.736535233483,295.94805769206,324.146165515801,505.283364835049,385.265039497347,387.357846056218,385.265039497347,386.589749667043,407.206536770708,401.377816715743,323.317350177129,342.326770006948,324.811632220489,385.358771064388,403.898448530278,325.324702977169,398.894744606168,328.96213852089,422.778980754821,444.046809210552,514.721216312592,385.265039497347,406.284412623345,322.134396526453,366.795260566987,295.94805769206
503.931402697501,134.116489027324,394.14323264569,116.862460297955,133.9730437576,277.776441537831,149.328174726847,144.390651306899,268.032106976182,133.9730437576,271.371013486647,278.321762299082,256.656650963253,274.514513338294,506.265938155044,444.506695513062,305.757407899129,295.662421057396,504.083621172126,179.87972894865,286.66230489658,130.804802641229,496.288109556062,139.957862983433,150.505479482227,113.998551704222,54.5371145088976,314.588167040238,168.599254818191,125.996490285519,424.510799403858,118.864988984113,392.763433878659,309.202374955562,139.957862983433,268.032106976182,277.417398413845,384.960661035897,264.866162210234,267.085926946229,118.928317919762,109.27975204304,149.328174726847,96.7716650578833,226.323208617768,390.537335193984,133.988780425217,133.988780425217,330.220692211445,384.960661035897,100.440547333783,318.478532290009,149.328174726847,129.740778465781,256.67959758097,410.435949293132,282.759762376151,133.9730437576,131.09708387726,144.390651306899,506.082329866329,345.497440462486,507.705426945326,267.810115408471,278.082252712495,273.507343604384,273.125861776017,258.557897435109,278.082252712495,168.599254818191,273.103357259176,402.146695815555,289.5833100144,254.248917817456,43.7354249532936,388.963972979265,263.265580147612,140.771483670556,60.330869327942,394.14323264569,282.887229799472,142.035812631162,271.371013486647,117.275716067512,150.181429592484,55.7402236791123,316.127259671248,147.04703508351,127.522332053471,395.674934902971,511.190538271409,262.72461627103,368.140062606701,140.086046321253,58.3420102459268,123.642838437346,253.837864979592,389.382773470886,384.960661035897,55.1762123956733,91.9239381492283,58.3420102459268,130.804802641229,273.507343604384,60.330869327942,241.167769706517,31.531640766253,258.434641876935,263.265580147612,126.570206639037,155.107201008793,120.082536971393,275.545755147142,129.672040600953,140.086046321253,109.27975204304,141.605680063441,268.032106976182,271.465930030711,253.837864979592,245.575938259588,168.599254818191,507.570477825594,275.822554143259,387.039250890513,120.082536971393,35.283443819967,311.838160656346,87.2315777456246,122.554943910435,98.0447503359337,120.393016544586,121.245527584714,213.409557518384,388.963972979265,138.601650615123,133.988780425217,289.5833100144,277.417398413845,138.601650615123,109.27975204304,155.107201008793,43.7354249532936,384.960661035897,55.1762123956733,104.572571277417,387.453402856582,275.822554143259,31.531640766253,384.960661035897,140.771483670556,35.283443819967,462.086628738356,502.23789018464,258.434641876935,272.831044205754,384.960661035897,0,266.371488164239,150.702157394153,268.032106976182,141.605680063441,312.963766829636,130.68566098676,317.647789894953,269.93206824168,493.245878880819,55.7402236791123,54.1773041728972,55.7402236791123,50.381675909089,131.689354498663,125.996490285519,274.870772537842,348.435613038767,258.434641876935,60.3256990657051,128.530174114659,283.558079069764,123.642838437346,340.131964222333,147.302628995384,168.599254818191,504.406335457911,55.7402236791123,130.804802641229,279.152950643578,124.310344407277,317.647789894953
469.85378200569,289.856793624434,331.350819480397,272.155119812515,289.615269100185,194.659880994778,304.920398809516,300.000287325978,84.6132267970596,289.615269100185,115.078676371731,174.527676255241,133.049956800954,134.441126382522,470.950112005708,381.46624568512,237.778178669325,212.795945045444,469.562039116731,241.529427199703,224.933126277079,286.428873939084,464.762759414585,295.574859912692,279.838555504842,270.802342524995,271.031462191644,236.319982821082,324.189490693593,281.519443541691,362.697823389861,249.36949394789,331.797815491194,231.093712511162,295.574859912692,84.6132267970596,150.931034018985,323.909988165339,83.194558617994,120.224958185225,274.442547088645,265.369536967797,304.920398809516,252.568620832638,202.454891026514,327.769110856395,289.49987891912,289.49987891912,255.289159748986,323.909988165339,250.384977130616,241.765149684129,304.920398809516,243.557078683386,269.511082763153,348.339675095687,301.58473227407,289.615269100185,244.176956574419,300.000287325978,471.497799241356,295.910115303308,473.355393979528,83.663317899385,154.507205717212,141.122119873814,124.39851060862,128.452255891517,154.507205717212,324.189490693593,191.052980763183,383.031213244975,229.305197515608,148.258204625249,265.109299337069,326.269162593299,108.76177367764,296.136912224608,278.873232360448,331.350819480397,179.388641643582,297.609984387675,115.078676371731,272.053792847487,251.711834234647,266.868839319084,240.915386622901,288.198216845723,272.710408786771,330.202635871933,476.588601451685,176.771940137786,320.598556414762,295.683056050936,265.253475457351,279.032286319358,163.252316158487,328.01062966953,323.909988165339,266.781882898971,257.755977596203,265.253475457351,286.428873939084,141.122119873814,278.873232360448,178.154859895192,265.635896299157,134.641248758615,108.76177367764,272.53886504276,310.698135022649,270.235755846586,182.925589438029,256.345570480084,295.683056050936,265.369536967797,297.237916302333,84.6132267970596,191.06595949214,163.252316158487,166.250097276992,324.189490693593,470.425828667164,141.959506825639,324.367214277249,270.235755846586,265.707715115501,233.952707995623,303.966888677021,272.589847765759,251.459637775312,268.444082065344,276.663984164715,204.213687807441,326.269162593299,294.119740980629,289.49987891912,229.305197515608,150.931034018985,294.119740980629,265.369536967797,310.698135022649,265.109299337069,323.909988165339,266.781882898971,263.544713176252,326.560825733158,141.959506825639,265.635896299157,323.909988165339,296.136912224608,265.707715115501,398.889792945832,467.79881826657,134.641248758615,137.847755402534,323.909988165339,266.371488164239,0,306.317932678187,84.6132267970594,297.237916302333,244.250390436373,244.319325981435,242.486677569376,131.291601824021,462.45390661084,266.868839319084,268.585136338853,266.868839319084,267.846389680335,287.352241455882,281.519443541691,144.251930610729,296.874180605326,134.641248758615,267.016614036996,284.039322686947,199.925077824002,279.032286319358,276.082872424177,302.922767478695,324.189490693593,472.921707817264,266.868839319084,286.428873939085,157.84395713011,246.656577357791,242.486677569376
546.233244694951,38.9278578405488,435.251578740315,64.7402479873379,30.8464182411684,318.279338578956,21.3192452500315,16.6464188779243,308.021741941478,30.8464182411684,311.413574948815,318.652936897149,296.432466488566,314.578677290377,548.510436482544,485.604842944242,346.639968619333,335.894659011453,546.370172347472,221.385891284414,327.54559659349,34.6042692358164,538.698116486749,21.7170772431809,209.040246823131,90.5587307515852,150.141405729017,355.106551153549,37.3293362562913,44.6069933103531,465.671331466458,141.320422591568,433.980034647665,349.787002670622,21.7170772431809,308.021741941478,317.505885886264,426.174346662679,304.769373319977,306.975025709228,57.9883400151904,176.999211506005,21.3192452500315,156.60877924025,264.382559984645,431.646728462828,37.8875828296574,37.8875828296574,371.008726549941,426.174346662679,154.933868519104,359.151816447118,21.3192452500315,167.738747391867,299.60671278563,451.586184299295,327.290184878195,30.8464182411684,167.349958911211,16.6464188779243,548.367509395393,386.973749030058,550.001200998911,307.768467605861,318.208082120855,313.634127869583,313.178825981074,298.379354677218,318.208082120855,37.3293362562913,312.759008809351,444.982578508226,330.51477260134,293.89417467755,148.047112043915,430.076076234102,303.190210802663,51.9343314083869,158.434676020617,435.251578740315,323.22546934468,29.2131655001045,311.413574948815,68.988128207923,186.415748926873,156.475791377204,356.820848069311,143.918161891599,190.946108657556,436.686515066289,553.479146866139,302.426699790211,409.785029447542,24.5340273040352,154.174763610939,50.6058489812972,293.386867570677,430.585578825647,426.174346662679,144.903396871255,106.352681125334,154.174763610939,34.6042692358164,313.634127869583,158.434676020617,280.381987280085,149.969201791955,298.291661677318,303.190210802663,114.634120276907,24.6610585973789,101.174123089808,315.952343932616,147.452254084597,24.5340273040352,176.999211506005,21.5728480457423,308.021741941478,311.02435564592,293.386867570677,285.02413760978,37.3293362562913,549.735229642651,315.926690826457,428.152441714403,101.174123089808,151.363127100071,352.444578893366,192.835899867838,98.941871237483,156.20316043411,107.011323643705,54.2354440439539,251.202635088074,430.076076234102,37.7778198173878,37.8875828296574,330.51477260134,317.505885886264,37.7778198173878,176.999211506005,24.6610585973789,148.047112043915,426.174346662679,144.903396871255,103.808706823543,428.672681265319,315.926690826457,149.969201791955,426.174346662679,51.9343314083869,151.363127100071,503.178393371048,544.525900909737,298.291661677318,312.790445329595,426.174346662679,150.702157394153,306.317932678187,0,308.021741941477,21.572848045743,353.861668267043,166.167425776595,358.349469731105,309.836585718117,535.686571237015,156.475791377204,147.257692481514,156.475791377204,147.493038687025,33.9949306436086,44.6069933103533,315.005692656348,389.880000493746,298.291661677318,157.930002778727,42.0440568038914,323.387159119251,50.6058489812972,381.215781469832,14.5001949880713,37.3293362562917,546.812119499418,156.475791377204,34.6042692358167,319.254308969737,158.777245554778,358.349469731105
470.632132685968,291.560435228042,332.326593518196,273.8591587557,291.319029686502,192.921099047779,306.624236433577,301.704100431743,0,291.319029686502,95.6540503582698,171.209083643307,140.730603621044,130.602515119813,471.719651083992,382.445693394223,237.096442545389,214.650989937977,470.34556355037,243.159728311712,224.403564017144,288.132649236804,465.542746276999,297.27866010209,281.408287955186,272.50403909498,272.697588912604,237.612695285324,325.893332998727,283.223317653284,363.630500810996,251.095666100035,332.351562977244,232.142788594906,297.27866010209,0,150.038072184063,324.3748989374,109.112741634672,131.232442057896,276.146365479086,266.987228046431,306.624236433577,254.213720509688,205.145504324431,328.744462691895,291.203795619147,291.203795619147,255.598948357673,324.3748989374,252.035772465947,242.566917352851,306.624236433577,245.254537333583,270.585564385308,349.27079996032,302.598092985711,291.319029686502,245.886248642692,301.704100431743,472.28322640011,296.032926143154,474.14175507075,93.4965260910072,152.592592779601,131.636726793537,116.496882464482,135.959518428913,152.592592779601,325.893332998727,194.218960737267,383.761194130068,228.836842347538,154.577762092557,266.771894464339,327.243832952718,113.586612488497,297.841010214085,280.538790847078,332.326593518196,176.672742260297,299.313836858261,95.6540503582698,273.758446489312,253.438910438279,268.523159580949,241.853551941174,289.922704539766,274.312263219196,331.194297001314,477.379780011595,180.08015329845,320.990399291265,297.386880261818,266.909274535064,280.73630427281,167.781627985311,328.545834438367,324.3748989374,268.449236787979,259.447407662158,266.909274535064,288.132649236804,131.636726793537,280.538790847078,181.492985199649,267.296687897043,138.917685924632,113.586612488497,274.255311552074,312.401975782587,271.945831389722,180.384954294999,258.089545056127,297.386880261818,266.987228046431,298.941698810631,0,194.38976122414,167.781627985311,170.165250584719,325.893332998727,471.189030554068,136.635570745331,325.341372884886,271.945831389722,267.366965840014,234.929508492776,305.621744123164,274.30051875476,253.105456670864,270.156947306242,278.367945779468,206.628944581147,327.243832952718,295.823655678674,291.203795619147,228.836842347538,150.038072184063,295.823655678674,266.987228046431,312.401975782587,266.771894464339,324.3748989374,268.449236787979,265.242752025069,327.065063029929,136.635570745331,267.296687897043,324.3748989374,297.841010214085,267.366965840014,399.871503242792,468.579286185875,138.917685924632,142.214865913134,324.3748989374,268.032106976182,84.6132267970594,308.021741941477,0,298.941698810632,243.627206062634,246.03255024686,243.390758060248,138.9393455201,463.233999617986,268.523159580949,270.25180180907,268.523159580949,269.51208303375,289.055972430046,283.223317653284,136.664237539984,297.016564739259,138.917685924632,268.669190597403,285.743225044369,202.733256222753,280.736304272811,275.963521341191,304.626569287643,325.893332998727,473.693775619164,268.523159580949,288.132649236804,157.555120379305,248.363264475152,243.390758060248
537.151900779848,28.3118027871787,426.170913038116,55.6259039963621,20.6019320963583,309.198977594231,24.4403765519466,16.4249972120189,298.941698810632,20.6019320963583,302.333501131966,309.57268935798,287.352550141264,305.498593871763,539.429123843906,476.524183095376,337.559390632769,326.81450085252,537.288837558974,212.304221078486,318.465005746388,25.2316157783522,529.616712058756,14.0137140576884,199.951838049802,81.4272983802826,141.044286849546,346.026223424697,43.2646279616094,35.6059776633093,456.590634492024,132.244277561527,424.899294668419,340.706633593625,14.0137140576884,298.941698810632,308.425790893868,417.093605955201,295.68938381709,297.895048853801,48.8551731337383,167.908419211523,24.4403765519466,147.517796307467,255.303725813115,422.566062155433,30.0408114279188,30.0408114279188,361.928230026593,417.093605955201,145.843714989934,350.071393237311,24.4403765519466,158.656544301508,290.524863739229,442.505493041106,318.207587932179,20.6019320963583,158.26867435307,16.4249972120189,539.286175585861,377.892836921243,540.919861366326,298.688445816567,309.127964236619,304.554002379926,304.098747647458,289.299409670656,309.127964236619,43.2646279616094,303.679198475981,435.900923032052,321.434154257996,284.814340959652,138.950077896621,420.99540839669,294.110203716509,43.9276037830848,149.338135830466,426.170913038116,314.145220871991,24.749400910487,302.333501131966,59.9062252782919,177.335427116643,147.38048799816,347.740415324842,134.874381449401,181.856325736833,427.605903743095,544.397811815341,293.346857400542,400.704034500716,19.395187652088,145.079260354936,41.6186735463328,284.307108685812,421.504846286479,417.093605955201,135.805330904486,97.2332189047754,145.079260354936,25.2316157783522,304.554002379926,149.338135830466,271.302406390944,140.872637535581,289.211692015513,294.110203716509,105.597451224857,29.8828614561047,92.1227807322309,306.872044099054,138.383277305223,19.395187652088,167.908419211523,0,298.941698810632,301.944604518219,284.307108685812,275.944415723088,43.2646279616094,540.653961189502,306.846582872142,419.071773240948,92.1227807322309,142.266882717193,343.36419637335,183.740470929983,89.9116378972686,147.112504472056,97.9633252265554,45.1558709107009,242.12393048936,420.99540839669,30.8552145332457,30.0408114279188,321.434154257996,308.425790893868,30.8552145332457,167.908419211523,29.8828614561047,138.950077896621,417.093605955201,135.805330904486,94.6921854245077,419.591938397205,306.846582872142,140.872637535581,417.093605955201,43.9276037830848,142.266882717193,494.097737181794,535.444564973015,289.211692015513,303.710428318333,417.093605955201,141.605680063441,297.237916302333,21.572848045743,298.941698810632,0,344.781084982354,157.086485390665,349.269031830439,300.756601077471,526.605149579767,147.38048799816,138.160144979156,147.38048799816,138.39563343649,23.9311452078407,35.6059776633092,305.925564066543,380.799110481137,289.211692015513,148.83500308084,33.2509477820063,314.307243582754,41.6186735463326,372.135100700039,16.2744148189773,43.2646279616093,537.730716515829,147.38048799816,25.231615778352,310.174207654056,149.695621496588,349.269031830439
491.713173606335,337.396946664954,362.120300102761,319.703990280894,337.157977512315,220.508055954323,352.464740873879,347.544108518906,243.627206062634,337.157977512315,243.372692620966,228.386420833631,244.592226389754,244.407842512272,492.506417154453,412.380366845536,155.591721443199,267.195618758333,491.659913221758,288.35819247415,217.473893779391,333.971906537385,486.559063321164,343.118408537606,324.302173329158,318.301209375479,317.747036374357,279.531015539785,371.733930085722,329.064630232454,392.162875358229,297.419083230788,347.944045484636,270.205580833448,343.118408537606,243.627206062634,245.546730355106,336.306013858462,244.924134448214,246.901319655763,321.986609363434,310.979022709542,352.464740873879,298.828360115379,267.684211471154,358.523205936996,337.045946028673,337.045946028673,273.452858498895,336.306013858462,296.782340687068,274.896274436715,352.464740873879,291.08871038325,303.575071473058,377.812913843297,330.891540360075,337.157977512315,291.958250451083,347.544108518906,493.677857538214,283.001924563296,495.562062072924,244.504032820515,243.830686197037,240.273130729934,244.031586863841,244.591581611975,243.830686197037,371.733930085722,262.399503580066,402.136129930781,217.709733560085,247.200934553852,311.746288292325,356.988897970176,243.735741818826,343.68687216272,325.576048164717,362.120300102761,231.880850472205,345.154654146344,243.372692620966,319.615926711862,299.936941932357,313.31946343481,275.702300672253,336.184269488741,317.946313635414,362.00729773768,499.007354748819,250.296570371047,325.072047217655,343.227120165709,311.738140944457,326.580593279592,247.59127475876,343.554214320908,336.306013858462,313.525013245265,305.03244956654,311.738140944457,333.971906537385,240.273130729934,325.576048164717,254.036466288877,312.232226662269,243.906933626605,243.735741818826,320.354319836891,358.242542252168,317.915262643064,222.763082542135,304.760262846494,343.227120165709,310.979022709542,344.781084982354,243.627206062634,264.021884535454,247.59127475876,249.297226124247,371.733930085722,491.816737469627,243.213235007597,355.070265598375,317.915262643064,312.269438719369,271.586087050699,350.42908960153,320.281529963552,297.738596288842,316.183677535863,324.211102221668,265.791215651746,356.988897970176,341.66575562694,337.045946028673,217.709733560085,245.546730355106,341.66575562694,310.979022709542,358.242542252168,311.746288292325,336.306013858462,313.525013245265,310.965445982308,340.612787676206,243.213235007597,312.232226662269,336.306013858462,343.68687216272,312.269438719369,429.894079581675,489.765324191093,243.906933626605,248.492303886304,336.306013858462,312.963766829636,244.250390436373,353.861668267043,243.627206062634,344.781084982354,0,292.177975619759,276.520402882795,248.662643102021,484.217305369846,313.31946343481,315.312805869347,313.31946343481,314.552347440833,334.894318465107,329.064630232453,240.57806795801,285.558025140108,243.906933626605,313.427808924237,331.585103358682,267.222471095294,326.580593279592,250.419548272968,350.466345537654,371.733930085722,494.382878397467,313.31946343481,333.971906537385,246.533517148765,294.337585640654,276.520402882795
485.368552910476,149.705207102656,373.829257880364,131.96926073386,149.462403656884,256.403619284278,164.769952517375,159.84923875215,246.03255024686,149.462403656884,249.445431378069,256.771526082715,234.371532751321,252.632281970155,487.613346081802,424.178021884273,284.933433880116,274.113407236314,485.500170840129,156.06331679959,265.781609490085,146.274550463876,477.888109697999,155.423195205006,162.228967341646,130.580363485322,134.486967458472,293.425555114463,184.039486549923,141.359070746776,404.26718472463,103.578654383165,372.55411716613,288.12074189547,155.423195205006,246.03255024686,255.58049321993,364.736535233483,242.761771078982,244.981777748146,134.270801554041,137.84011129341,164.769952517375,118.578356096279,202.078659216647,370.224855685745,149.344479643925,149.344479643925,309.384297148688,364.736535233483,114.586265855694,297.510061097636,164.769952517375,74.0963828274985,238.360783163192,390.176727515279,267.537625734269,149.462403656884,48.761736623538,159.84923875215,487.497705011842,325.557908238866,489.137185176094,245.781274284092,256.292053112256,251.686748101352,251.221644893291,236.326458244709,256.292053112256,184.039486549923,250.805154840833,384.333110550047,268.772539092488,231.813277171309,129.067732892683,368.65548472623,241.167818266534,155.97983316172,142.421867318507,373.829257880364,261.36125996457,157.458008753276,249.445431378069,131.85218522201,99.1884233235276,132.234304453785,295.196951223745,148.313891888274,148.482193334994,375.217433464501,492.613906254182,240.471115798854,348.506727864849,155.531189481093,130.307445297774,138.865575989711,231.351251458898,369.151502375544,364.736535233483,130.035782237662,117.972975145977,130.307445297774,146.274550463876,251.686748101352,142.421867318507,218.149698374816,129.905688849989,236.234509977788,241.167818266534,132.279804336152,170.547990886035,129.83749608474,254.062155650092,115.447077741265,155.531189481093,137.84011129341,157.086485390665,246.03255024686,249.04471630588,231.351251458898,222.85653959674,184.039486549923,488.796013886781,253.990134070645,366.732290819417,129.83749608474,130.230555931162,290.783766247146,169.276093929193,132.294015960074,117.156158997301,128.008271420229,136.494335284954,188.71547006347,368.65548472623,153.965817415175,149.344479643925,268.772539092488,255.58049321993,153.965817415175,137.84011129341,170.547990886035,129.067732892683,364.736535233483,130.035782237662,123.270994017945,367.241970007317,253.990134070645,129.905688849989,364.736535233483,155.97983316172,130.230555931162,441.748743725717,483.655237416435,236.234509977788,250.827684158059,364.736535233483,130.68566098676,244.319325981435,166.167425776595,246.03255024686,157.086485390665,292.177975619759,0,296.726906629433,247.854545754208,474.891824167322,132.234304453785,131.952464928593,132.234304453785,131.359865474233,147.198961480381,141.359070746775,253.068877172559,328.467364321864,236.234509977788,132.691168944478,143.880688575958,261.482070911894,138.865575989711,319.65547134676,162.771939223916,184.039486549923,485.996088759342,132.234304453785,146.274550463876,257.339122131598,80.9578149188331,296.726906629433
459.827344988242,341.885627078987,283.285604066597,324.190829193977,341.646047994921,256.236708165265,356.952394097346,352.031893558742,243.390758060248,341.646047994921,243.265024813497,242.484852955102,242.506016329238,240.826753456517,460.075325749818,333.068802744469,275.180469033138,202.372896813026,458.719332315142,294.07137019099,272.46963998718,338.459910397085,457.48789251199,347.606264961869,329.25085835651,322.80036564333,322.408132724606,184.650628156906,376.221555872919,333.552161656166,314.831087882552,301.817948967213,297.309721789856,155.104427388097,347.606264961869,243.390758060248,237.975444163931,295.94805769206,241.757692116619,239.64668185006,326.474503060223,315.816635576073,356.952394097346,303.594173327515,265.418466906692,279.732661164545,341.533222583686,341.533222583686,224.308874134517,295.94805769206,301.535512181252,150.204437887089,356.952394097346,295.73218447501,314.542327457634,299.86252614129,335.364796488834,341.646047994921,296.534634212062,352.031893558742,460.467720790209,312.550124099435,462.527436394224,241.293271670955,237.724235273073,243.880205717446,242.251929052094,243.747887451597,237.724235273073,376.221555872919,231.28525294553,394.533986207187,275.009360481765,242.037766994012,316.422607160265,278.353327143615,244.57218973022,348.173218818445,330.239467723807,283.285604066597,241.155042024623,349.642240729685,243.265024813497,324.099681017242,304.475422039655,318.028976590427,91.4182485945729,340.564390537567,322.82708749334,277.046723933194,465.182132290338,220.759939145734,319.553619614175,347.714852996241,316.442555172351,331.067420568816,231.419075786658,294.120624420461,295.94805769206,318.181095403573,309.582227764585,316.442555172351,338.459910397085,243.880205717446,330.239467723807,251.762328771139,316.915736175966,245.455520616535,244.57218973022,324.777754627857,362.73017705869,322.372222074973,249.620081597859,309.051514683887,347.714852996241,315.816635576073,349.269031830439,243.390758060248,236.788826992192,231.419075786658,246.921810721643,376.221555872919,457.853636014271,241.283431184919,276.471824646733,322.372222074973,316.959237139654,149.521118219306,355.135902985229,324.734795570359,302.504925305638,320.626543485017,328.698240593285,266.027650271996,278.353327143615,346.153032289136,341.533222583686,275.009360481765,237.975444163931,346.153032289136,315.816635576073,362.73017705869,316.422607160265,295.94805769206,318.181095403573,315.48377872971,295.863425944682,241.283431184919,316.915736175966,295.94805769206,348.173218818445,316.959237139654,350.279718579795,457.236850729743,245.455520616535,239.104474144675,295.94805769206,317.647789894953,242.486677569376,358.349469731105,243.390758060248,349.269031830439,276.520402882795,296.726906629433,0,239.849347487482,455.994037664641,318.028976590427,319.971698429881,318.028976590427,319.215340653316,339.382545616984,333.552161656166,242.402560370761,308.451799794495,245.455520616535,318.144138825386,336.07247652568,227.767975130297,331.067420568816,285.903319833148,354.954187958363,376.221555872919,466.214850353315,318.028976590427,338.459910397085,236.77245657312,298.885379376596,0
470.939563896081,293.375637439181,329.716283694104,275.673572281138,293.13398100545,203.393617302413,308.439019645373,303.518936915531,138.9393455201,293.13398100545,142.799435878579,182.256763229443,146.771442931473,139.02870463427,471.993901914968,379.801141565718,242.831266758278,207.11796512958,470.592037344466,245.318519326316,231.316462799168,289.94757174692,466.015162030038,299.093525129314,283.457487397936,274.323463371099,274.587165081957,232.361011936327,327.708105463658,285.038040450388,361.255393635964,252.869979011751,331.710070217711,227.711075987758,299.093525129314,138.9393455201,143.724591427495,324.146165515801,125.365272188395,83.3848796977689,277.961224904297,268.963008495859,308.439019645373,256.146411254365,204.246375938765,326.137661835893,293.018419391173,293.018419391173,254.518304975244,324.146165515801,253.960088296858,239.221257082045,308.439019645373,247.112008758356,273.838630965035,346.878605788362,305.128878903324,293.13398100545,247.718073401897,303.518936915531,472.514139978195,299.061866423097,474.38302807005,121.565367205465,151.60006134996,158.268675673596,140.086383216712,148.00874664658,151.60006134996,327.708105463658,184.261553560279,385.49134943272,235.435441466304,150.952515424231,268.668240051961,324.646038823286,146.752314823765,299.655251653092,282.429429331954,329.716283694104,184.411527927306,301.128591162142,142.799435878579,275.571581281455,255.248247490448,270.434841374599,238.179938942605,291.693578621372,276.313428399254,328.288219655939,477.575180689182,168.822555985282,322.471470198211,299.201694512349,268.818388268087,282.550732264723,155.35049279707,327.952499862798,324.146165515801,270.336519453237,261.287969198206,268.818388268087,289.94757174692,158.268675673596,282.429429331954,181.059431669974,269.196366613464,155.314398499789,146.752314823765,276.043643426211,314.216751785961,273.74779544563,192.449463868916,259.822428574437,299.201694512349,268.963008495859,300.756601077471,138.9393455201,184.625352538436,155.35049279707,170.268896908211,327.708105463658,471.373396510359,148.930709802694,322.747170629572,273.74779544563,269.269522990285,230.782393129925,307.532321831212,276.101066672303,255.037518686122,271.953090767877,280.182498096114,206.840164186955,324.646038823286,297.638281082942,293.018419391173,235.435441466304,143.724591427495,297.638281082942,268.963008495859,314.216751785961,268.668240051961,324.146165515801,270.336519453237,267.069980226552,326.663699876665,148.930709802694,269.196366613464,324.146165515801,299.655251653092,269.269522990285,397.205497490398,468.849473276792,155.314398499789,93.7418064611493,324.146165515801,269.93206824168,131.291601824021,309.836585718117,138.9393455201,300.756601077471,248.662643102021,247.854545754208,239.849347487482,0,463.756133782026,270.434841374599,272.140370540253,270.434841374599,271.402496276421,290.870987407675,285.038040450388,156.782312823151,299.627346539504,155.314398499789,270.584067078517,287.557884906491,193.00636138975,282.550732264723,278.49582222267,306.441429475702,327.708105463658,474.217383395449,270.434841374599,289.94757174692,148.651054336865,250.190140967773,239.849347487482
361.139927100129,519.216448785475,481.840226395649,501.537410455073,518.981376246558,466.568242240282,534.290560995199,529.369152888733,463.233999617986,518.981376246558,464.32382032494,463.370931409363,459.219008334477,464.730680602108,403.916848241328,533.365983148503,480.903642484977,458.776682026424,373.828192236314,472.621786691642,472.081349148016,515.795827553825,230.565512666378,524.943053513939,500.517416946334,500.059604855072,498.237147655344,460.799898221431,553.559888042994,510.89194224266,508.924556873362,480.099929429149,506.651177748457,454.464226459294,524.943053513939,463.233999617986,464.868033280069,505.283364835049,461.820294592,462.256526420014,503.812457121258,489.500775540926,534.290560995199,478.620216571191,467.877665788298,478.11900231473,518.874484940819,518.874484940819,477.172481720179,505.283364835049,476.850392681171,461.661943514401,534.290560995199,473.373610341103,482.339612145911,496.543201813587,471.631614728918,518.981376246558,474.586216631529,529.369152888733,379.991546180333,496.083932271522,379.550183843706,462.556790465116,464.610813170283,464.611937388668,464.715298413175,460.319591019703,464.610813170283,553.559888042994,464.09931975503,478.565578367465,473.661174361832,459.041841050497,492.105906863817,476.209715091359,462.017141878501,525.521342207494,506.044471183939,481.840226395649,465.271497560662,526.981003482869,464.32382032494,501.469760263772,483.422342336389,493.359720119616,454.278511193182,518.675724609495,495.74302740295,495.940962831165,398.478502942407,453.376793047919,487.403528093863,525.052550066252,491.840082303148,508.412764400638,454.723440298487,505.468431334948,505.283364835049,494.061979578729,486.44540384855,491.840082303148,515.795827553825,464.611937388668,506.044471183939,461.008296647363,492.52199766477,460.696140762178,462.017141878501,502.593649771898,540.068454527349,499.950916873891,463.850020107564,487.930591290521,525.052550066252,489.500775540926,526.605149579767,463.233999617986,466.52005277709,454.723440298487,458.841318955015,553.559888042994,441.28619620928,465.109572445323,474.171608897337,499.950916873891,492.500335283917,456.712935493738,530.486931911791,502.333629389224,477.577095635308,498.311257469003,506.041534433898,464.167163697071,476.209715091359,523.494183392494,518.874484940819,473.661174361832,464.868033280069,523.494183392494,489.500775540926,540.068454527349,492.105906863817,505.283364835049,494.061979578729,492.606606840158,504.772534084929,465.109572445323,492.52199766477,505.283364835049,525.521342207494,492.500335283917,551.676480700654,367.772584228151,460.696140762178,464.409452070236,505.283364835049,493.245878880819,462.45390661084,535.686571237015,463.233999617986,526.605149579767,484.217305369846,474.891824167322,455.994037664641,463.756133782026,0,493.359720119616,495.823473979206,493.359720119616,495.026602351981,516.716770162476,510.89194224266,464.60394446043,493.841360813561,460.696140762178,493.399783551815,513.4132777526,466.773804899797,508.412764400638,493.729745455733,532.291016934313,553.559888042994,327.470398452572,493.359720119616,515.795827553825,465.215268988227,476.653746059244,455.994037664641
504.066716300264,139.90272221192,394.461754853904,122.584232093282,139.747904962294,278.192681463828,155.098830399332,150.163102606979,268.523159580949,139.747904962294,271.854089177035,278.762106070996,257.179558573516,274.993972046671,506.410252479054,444.826774675196,306.115914561783,296.113776833968,504.221208836426,180.255253355883,287.022409932923,136.576767016381,496.406687867445,145.730760017479,147.684680938908,119.834162228391,73.5133923076705,314.996646143509,174.369877918165,131.754586364384,424.821498047227,122.002838663832,393.067036878264,309.601174227824,145.730760017479,268.523159580949,277.892877438333,385.265039497347,265.369807391868,267.591161573371,124.678707320632,104.145441599821,155.098830399332,95.2048376200796,227.09334994379,390.855697926013,139.748281231658,139.748281231658,330.589904638179,385.265039497347,99.9915544428337,318.864244809275,155.098830399332,130.973878969293,256.743529593336,410.74824327705,282.552046642504,139.747904962294,132.543227705605,150.163102606979,506.22009557722,345.764764940556,507.841536276071,268.305491195854,278.552250671094,273.978073254336,273.6071826308,259.074200313749,278.552250671094,174.369877918165,273.640284836114,402.20147074315,289.936086233657,254.790644512986,62.1441687477461,389.281919608582,263.766625382568,146.514838797422,79.9128082334586,394.461754853904,283.326102782935,147.803668598238,271.854089177035,122.940979541367,151.495207399718,0,316.509613985947,151.48075628707,123.542287621681,396.00834529426,511.327662879175,263.255066081521,368.379701522935,145.85654607957,49.9564602759317,129.384412549523,254.391911398222,389.688544438249,385.265039497347,72.4022227829258,98.7355929160772,49.9564602759317,136.576767016381,273.978073254336,79.9128082334586,241.77381850062,56.4671474524195,258.946079752049,263.766625382568,131.378275272751,160.877846914892,125.244525987235,275.975826455422,132.956200093172,145.85654607957,104.145441599821,147.38048799816,268.523159580949,272.017194878624,254.391911398222,246.147533555445,174.369877918165,507.727198353158,276.296152012002,387.357032573685,125.244525987235,51.5619325814862,312.233759584346,83.0311316455147,127.732769854903,96.787721122672,125.354494150059,126.988179086248,214.221211329975,389.281919608582,144.362498349855,139.748281231658,289.936086233657,277.892877438333,144.362498349855,104.145441599821,160.877846914892,62.1441687477461,385.265039497347,72.4022227829258,110.530018886298,387.756784294981,276.296152012002,56.4671474524195,385.265039497347,146.514838797422,51.5619325814862,462.407682649554,502.375305389503,258.946079752049,273.325610259382,385.265039497347,55.7402236791123,266.868839319084,156.475791377204,268.523159580949,147.38048799816,313.31946343481,132.234304453785,318.028976590427,270.434841374599,493.359720119616,0,72.4375708001032,0,69.7227156107895,137.466078004017,131.754586364384,275.340073682653,348.707250914405,258.946079752049,35.2993496064389,134.28788891133,284.069355335107,129.384412549523,340.458131308094,153.076543456599,174.369877918165,504.525715044147,0,136.576767016381,279.626347895964,126.150733867256,318.028976590427
506.488648987515,130.6566885959,396.526582628157,113.492910510461,130.528165667219,280.067970089971,145.887881524371,140.948077716974,270.25180180907,130.528165667219,273.598313303013,280.589952886251,258.845901117769,276.745189777852,508.814682901887,446.888565895141,308.103870558295,297.919338195416,506.638693158229,182.233008205219,289.007595102484,127.364230808425,498.861213671314,136.514954525234,155.754030269065,110.513695067282,26.6613358605434,316.885998180545,165.158899186176,122.575253454938,426.901611844937,118.496899881248,395.161288269221,311.509491984429,136.514954525234,270.25180180907,279.651806514822,387.357846056218,267.073765915552,269.291909578584,115.520911816568,116.444942059784,145.887881524371,101.382642721273,228.274470158437,392.92083680017,130.564094475812,130.564094475812,332.556224592938,387.357846056218,103.9803222669,320.798177188966,145.887881524371,131.329015298161,259.309878386693,412.825250291749,285.642486615026,130.528165667219,132.466965714973,140.948077716974,508.637225869172,347.930471050242,510.261888797115,270.02561121497,280.321915101179,275.746482671008,275.354797499375,260.753498812695,280.321915101179,165.158899186176,275.278451681679,404.78070348661,291.935573165905,256.420056585565,53.8475888445185,391.347869576597,265.475786492887,137.367434720387,41.3361107963712,396.526582628157,285.156740903634,138.599622113961,273.598313303013,113.976218341697,151.656381218775,72.4375708001032,318.450044944465,145.198544724376,133.753200510926,398.044158036395,513.74601815952,264.905983687101,370.599007220088,136.646361558529,72.2819410559223,120.243466488343,255.996835074996,391.778580038219,387.357846056218,28.3022375920333,87.3048656350599,72.2819410559223,127.364230808425,275.746482671008,41.3361107963712,243.277442364758,55.723913850403,260.634979132448,265.475786492887,124.29487425067,151.666844779842,117.399699331729,277.823959069808,129.107939120698,136.646361558529,116.444942059784,138.160144979156,270.25180180907,273.627295764867,255.996835074996,247.718626772846,165.158899186176,510.107481196822,278.058850387952,389.423304435857,117.399699331729,60.1127307683631,314.148344617917,105.104650350069,119.84597653738,102.342773160009,117.946336999593,117.846094148061,215.321415400698,391.347869576597,135.174931422552,130.564094475812,291.935573165905,279.651806514822,135.174931422552,116.444942059784,151.666844779842,53.8475888445185,387.357846056218,28.3022375920333,100.993622143744,389.851506160349,278.058850387952,55.723913850403,387.357846056218,137.367434720387,60.1127307683631,464.467572860057,504.793136929077,260.634979132448,275.047183456113,387.357846056218,54.1773041728972,268.585136338853,147.257692481514,270.25180180907,138.160144979156,315.312805869347,131.952464928593,319.971698429881,272.140370540253,495.823473979206,72.4375708001032,0,72.4375708001029,27.7693588035628,128.242391599478,122.575253454938,277.111233180451,350.864427814422,260.634979132448,75.8742812208381,125.108694489495,285.757719233938,120.243466488343,342.508840439977,143.857936445098,165.158899186176,506.978711753424,72.4375708001029,127.364230808425,281.389315127728,125.312230590037,319.971698429881
504.066716300264,139.90272221192,394.461754853904,122.584232093282,139.747904962294,278.192681463828,155.098830399332,150.163102606979,268.523159580949,139.747904962294,271.854089177035,278.762106070996,257.179558573516,274.993972046671,506.410252479054,444.826774675196,306.115914561783,296.113776833968,504.221208836426,180.255253355883,287.022409932923,136.576767016381,496.406687867445,145.730760017479,147.684680938908,119.834162228391,73.5133923076705,314.996646143509,174.369877918165,131.754586364384,424.821498047227,122.002838663832,393.067036878264,309.601174227824,145.730760017479,268.523159580949,277.892877438333,385.265039497347,265.369807391868,267.591161573371,124.678707320632,104.145441599821,155.098830399332,95.2048376200796,227.09334994379,390.855697926013,139.748281231658,139.748281231658,330.589904638179,385.265039497347,99.9915544428337,318.864244809275,155.098830399332,130.973878969293,256.743529593336,410.74824327705,282.552046642504,139.747904962294,132.543227705605,150.163102606979,506.22009557722,345.764764940556,507.841536276071,268.305491195854,278.552250671094,273.978073254336,273.6071826308,259.074200313749,278.552250671094,174.369877918165,273.640284836114,402.20147074315,289.936086233657,254.790644512986,62.1441687477461,389.281919608582,263.766625382568,146.514838797422,79.9128082334586,394.461754853904,283.326102782935,147.803668598238,271.854089177035,122.940979541367,151.495207399718,0,316.509613985947,151.48075628707,123.542287621681,396.00834529426,511.327662879175,263.255066081521,368.379701522935,145.85654607957,49.9564602759317,129.384412549523,254.391911398222,389.688544438249,385.265039497347,72.4022227829258,98.7355929160772,49.9564602759317,136.576767016381,273.978073254336,79.9128082334586,241.77381850062,56.4671474524195,258.946079752049,263.766625382568,131.378275272751,160.877846914892,125.244525987235,275.975826455422,132.956200093172,145.85654607957,104.145441599821,147.38048799816,268.523159580949,272.017194878624,254.391911398222,246.147533555445,174.369877918165,507.727198353158,276.296152012002,387.357032573685,125.244525987235,51.5619325814862,312.233759584346,83.0311316455147,127.732769854903,96.787721122672,125.354494150059,126.988179086248,214.221211329975,389.281919608582,144.362498349855,139.748281231658,289.936086233657,277.892877438333,144.362498349855,104.145441599821,160.877846914892,62.1441687477461,385.265039497347,72.4022227829258,110.530018886298,387.756784294981,276.296152012002,56.4671474524195,385.265039497347,146.514838797422,51.5619325814862,462.407682649554,502.375305389503,258.946079752049,273.325610259382,385.265039497347,55.7402236791123,266.868839319084,156.475791377204,268.523159580949,147.38048799816,313.31946343481,132.234304453785,318.028976590427,270.434841374599,493.359720119616,0,72.4375708001029,0,69.7227156107895,137.466078004017,131.754586364384,275.340073682653,348.707250914405,258.946079752049,35.2993496064389,134.28788891133,284.069355335107,129.384412549523,340.458131308094,153.076543456599,174.369877918165,504.525715044147,0,136.576767016381,279.626347895964,126.150733867256,318.028976590427
505.695024642205,130.894883944155,395.760734092664,113.712533339285,130.763417874634,279.316701526945,146.122364861114,141.18300068578,269.51208303375,130.763417874634,272.857376742039,279.842454483464,258.111064363189,276.003719151063,508.022412598289,446.122953855624,307.343815235731,297.173716685767,505.845417591831,181.469745762157,288.247695171294,127.59855982291,498.065058887683,136.749907112874,154.540821762956,110.75136758052,30.2283597813377,316.133821595367,165.393409913912,122.805606922713,426.134567955009,118.176796768629,394.393091137113,310.755823105636,136.749907112874,269.51208303375,278.909744112966,386.589749667043,266.335991220363,268.554404256862,115.748008856732,114.948373475789,146.122364861114,100.227552097588,227.577953561913,392.154964022857,130.795359950312,130.795359950312,331.797986257141,386.589749667043,102.994275119663,320.042497436835,146.122364861114,130.683149897946,258.504103130048,412.058447556462,284.79688423014,130.763417874634,131.857402430049,141.18300068578,507.843979066648,347.156586807862,509.46839247823,269.286571993697,279.579008663663,275.003643920647,274.613602412952,260.017640001942,279.579008663663,165.393409913912,274.545954965062,403.974788756637,291.174557956762,255.688135713888,50.3688541877532,390.581933705859,264.737583566418,137.594711115313,42.8536813898195,395.760734092664,284.409038589914,138.833233867251,272.857376742039,114.182662128328,151.032066770713,69.7227156107895,317.693867971855,145.14126127764,132.393214018795,397.280565481452,512.952680404282,264.17247341219,369.821017487678,136.880666543626,69.794251874779,120.469489512203,255.266902057803,391.010709075006,386.589749667043,31.871293727088,87.7426708502656,69.794251874779,127.59855982291,275.003643920647,42.8536813898195,242.555377103148,52.1231776403964,259.898352922739,264.737583566418,124.313524165663,151.901351447435,117.491201634862,277.074836930119,128.825227643709,136.880666543626,114.948373475789,138.39563343649,269.51208303375,272.897002995875,255.266902057803,246.991259167947,165.393409913912,509.317083123299,277.316476877557,388.65734346045,117.491201634862,56.8465899075951,313.394183158833,102.145743052164,119.943137665518,101.238190242494,117.995006986969,118.071935129726,214.631191245984,390.581933705859,135.406635617924,130.795359950312,291.174557956762,278.909744112966,135.406635617924,114.948373475789,151.901351447435,50.3688541877532,386.589749667043,31.871293727088,101.241461039986,389.083265695355,277.316476877557,52.1231776403964,386.589749667043,137.594711115313,56.8465899075951,463.702108866218,503.999832413296,259.898352922739,274.308053098577,386.589749667043,50.381675909089,267.846389680335,147.493038687025,269.51208303375,138.39563343649,314.552347440833,131.359865474233,319.215340653316,271.402496276421,495.026602351981,69.7227156107895,27.7693588035628,69.7227156107895,0,128.478002164395,122.805606922713,276.368186533834,350.091228180649,259.898352922739,73.2789682772939,125.339203689415,285.02128357332,120.469489512203,341.74395343576,144.093307058538,165.393409913912,506.182670163681,69.7227156107897,127.59855982291,280.64694206856,124.760555769237,319.215340653316
527.263670956542,18.3207330559608,416.283988402688,45.6475893931667,13.4134672458089,299.312638970731,33.1429306196549,27.6302563738375,289.055972430046,13.4134672458089,292.447715666065,299.686569335445,277.467067918658,295.612789948433,529.540954186292,466.637269725507,327.672634261643,316.928553230293,527.400625309334,202.415345911928,308.578224425757,13.4099588415599,519.728365795691,22.69035722326,190.050076109064,71.4318287366099,131.127542156283,336.139949330638,52.4442399280085,25.6904122995802,446.70364966402,122.366087054048,415.012226921608,330.820279877296,22.69035722326,289.055972430046,298.539964712074,407.206536770708,285.803760732832,288.009450164125,38.811958467013,158.002171651286,33.1429306196549,137.610988771754,245.420328609416,412.67913635523,23.9179263132268,23.9179263132268,352.041630860599,407.206536770708,135.938411327035,340.184935284776,33.1429306196549,148.766575039513,280.635658325677,432.618519213208,308.316946702726,13.4134672458089,148.380484794388,27.6302563738375,529.397965224497,368.005437473638,531.031639802475,288.802760561119,299.242093966273,294.668117390472,294.212953500445,279.413872240491,299.242093966273,52.4442399280085,293.793920611761,426.012093413615,311.547320005333,274.929017914426,129.032553481423,411.108479651712,284.224546724499,36.8712742600065,139.422780156256,416.283988402688,304.259099090092,26.8124152935439,292.447715666065,50.0050332466279,167.449126215391,137.466078004017,337.853939041978,125.06141039644,171.951968493877,417.719083767119,534.509599080281,283.46151780337,390.816475840373,23.6868535931999,135.164379070924,31.8736017845204,274.421929874199,411.617792853206,407.206536770708,125.886357403927,87.2677855143142,135.164379070924,13.4099588415599,294.668117390472,139.422780156256,261.417570301363,130.956056864036,279.326107070095,284.224546724499,95.8003591556893,38.9474176638189,82.2956302633349,296.985823284158,128.519216975189,23.6868535931999,158.002171651286,23.9311452078407,289.055972430046,292.059440673833,274.421929874199,266.059308028869,52.4442399280085,530.76587654544,296.960731693049,409.184843271851,82.2956302633349,132.350842504738,333.477816770617,173.825941299252,80.1292184680907,137.206300568177,88.1430842777205,35.2096835688233,232.240783125378,411.108479651712,27.0402839986696,23.9179263132268,311.547320005333,298.539964712074,27.0402839986696,158.002171651286,38.9474176638189,129.032553481423,407.206536770708,125.886357403927,84.7309888582336,409.704865069692,296.960731693049,130.956056864036,407.206536770708,36.8712742600065,132.350842504738,484.21083085537,525.556350506882,279.326107070095,293.824752314385,407.206536770708,131.689354498663,287.352241455882,33.9949306436086,289.055972430046,23.9311452078407,334.894318465107,147.198961480381,339.382545616984,290.870987407675,516.716770162476,137.466078004017,128.242391599478,137.466078004017,128.478002164395,0,25.69041229958,296.039673125665,370.911753631625,279.326107070095,138.921129380018,23.9644796990928,304.421763131246,31.8736017845204,362.248146665047,30.335474799776,52.4442399280085,527.842373012425,137.466078004017,13.4099588415597,300.288369309001,139.806734214069,339.382545616984
521.438401326054,29.8937776013662,410.454902202716,38.9467544393185,27.8113892874437,293.481685609791,43.1260138492862,38.2214303030838,283.223317653284,27.8113892874437,286.615232497514,293.855033075218,271.633714307918,289.780371533042,523.715504067281,460.80815078435,321.842903709323,311.0966397871,521.57530571767,196.589363305105,302.748521675383,23.6998467875452,513.903440140411,33.7755156984271,184.270499405565,65.6525326728096,125.461818163059,330.30896675032,62.43975372044,0,440.87473291742,116.479573358589,409.183511387582,324.98951625018,33.7755156984271,283.223317653284,292.707620573713,401.377816715743,279.970819378604,282.176455208098,31.6996486969049,152.242241564912,43.1260138492862,131.845468417745,239.581233837507,406.850053521893,26.4020985357209,26.4020985357209,346.211541785474,401.377816715743,130.163310957169,334.354462869261,43.1260138492862,142.935553605196,274.812753726345,426.789569735627,302.498788777845,27.8113892874437,142.54319768629,38.2214303030838,523.572640774203,362.177605563786,525.206348794595,282.969998616572,293.409873038292,288.835912387963,288.380501321469,273.58067067116,293.409873038292,62.43975372044,287.960119066207,420.188552620165,305.717772329862,269.09522829504,123.340688623251,405.279405488227,278.391684027656,34.2779214455084,133.759701121419,410.454902202716,298.427579754214,35.4907481490101,286.615232497514,43.1939633687547,161.608987418785,131.754586364384,332.023528120887,118.979656537659,166.183339977776,411.889688415155,528.684283930453,277.627873904221,384.989156773339,33.7008472123352,129.452010548445,20.6217230334941,268.587796548525,405.78903392918,401.377816715743,120.21750819989,81.6387284772492,129.452010548445,23.6998467875452,288.835912387963,133.759701121419,255.58237243717,125.261498298292,273.493028089214,278.391684027656,89.6216636271049,48.9348575034687,76.06115541756,291.15454762547,122.599577259767,33.7008472123352,152.242241564912,35.6059776633092,283.223317653284,286.225319256996,268.587796548525,260.224881466986,62.43975372044,524.940173809565,291.128445270444,403.355772613311,76.06115541756,126.651689759655,327.647124949022,168.118796917343,73.7894450420715,131.437443934057,81.9644113509002,26.6612726235974,226.400839162165,405.279405488227,31.5334712445868,26.4020985357209,305.717772329862,292.707620573713,31.5334712445868,152.242241564912,48.9348575034687,123.340688623251,401.377816715743,120.21750819989,79.0068935688915,403.876160873987,291.128445270444,125.261498298292,401.377816715743,34.2779214455084,126.651689759655,478.381691427404,519.731036332745,273.493028089214,287.991984269036,401.377816715743,125.996490285519,281.519443541691,44.6069933103533,283.223317653284,35.6059776633092,329.064630232453,141.359070746775,333.552161656166,285.038040450388,510.89194224266,131.754586364384,122.575253454938,131.754586364384,122.805606922713,25.69041229958,0,290.207491529583,365.083810923411,273.493028089214,133.205957178275,17.0273346534342,298.588530870966,20.6217230334943,356.419038493471,41.2168219730834,62.43975372044,522.017436081505,131.754586364384,23.6998467875455,294.456064828832,133.967112068558,333.552161656166
471.833264029965,298.543844173063,332.485995567224,280.84389865136,298.302825794823,189.541222130506,313.608278862191,308.688064280753,136.664237539984,298.302825794823,118.631739379998,153.160579512434,165.293731612073,118.759718662981,472.847592653668,382.600937076997,234.467531520687,216.414838303015,471.52996108692,250.063233335052,224.202843535172,295.116494923736,466.875221279013,304.262582929107,287.91653356767,279.481215310668,279.555163831383,237.706687756017,332.877389987134,290.207491529583,363.717315051396,258.157552494708,331.505804545683,231.375977040949,304.262582929107,136.664237539984,138.169186674736,323.317350177129,150.669867078435,154.887381882273,283.13037290516,273.674279587667,313.608278862191,261.001984992986,214.780337023849,328.904044277815,298.188100960836,298.188100960836,252.799162020759,323.317350177129,258.845539960233,241.089719896489,313.608278862191,252.241603920862,275.635161286656,349.335668733219,306.710145854521,298.302825794823,252.91108495881,308.688064280753,473.46656023475,295.708244474964,475.337887018799,141.151228123096,133.244266623959,88.9587491554081,114.933572147485,163.168188471524,133.244266623959,332.877389987134,201.125305425543,385.772730265366,228.640368229236,173.285831832335,273.617436016326,327.406055144644,153.155904014693,304.82590537752,287.394407501871,332.485995567224,158.052703725511,306.297929441594,118.631739379998,280.745199773015,260.533506983188,275.340073682653,240.974840259977,296.973625145452,280.941227368771,331.228768798477,478.568408137963,187.141136757435,320.909585233854,304.370881161611,273.731447297766,287.720952716216,179.200203917118,327.624525973054,323.317350177129,275.311041371077,266.390782881705,273.731447297766,295.116494923736,88.9587491554081,287.394407501871,193.710234543567,274.135982274813,163.962921289345,153.155904014693,281.280472167947,319.386027957772,278.950425580052,173.477778926621,265.206147189198,304.370881161611,273.674279587667,305.925564066543,136.664237539984,202.084016582844,179.200203917118,184.426529631499,332.877389987134,472.214995085895,98.3179970275673,325.50335347816,278.950425580052,274.200948138239,233.931253911408,312.440416958565,281.306925365174,259.896792257678,277.170662248135,285.352415208994,215.780258828339,327.406055144644,302.80795252051,298.188100960836,228.640368229236,138.169186674736,302.80795252051,273.674279587667,319.386027957772,273.617436016326,323.317350177129,275.311041371077,272.20810353054,326.109321538283,98.3179970275673,274.135982274813,323.317350177129,304.82590537752,274.200948138239,400.023932180865,469.764445376444,163.962921289345,152.807825834595,323.317350177129,274.870772537842,144.251930610729,315.005692656348,136.664237539984,305.925564066543,240.57806795801,253.068877172559,242.402560370761,156.782312823151,464.60394446043,275.340073682653,277.111233180451,275.340073682653,276.368186533834,296.039673125665,290.207491529583,0,296.426658106714,163.962921289345,275.48004168702,292.727488217506,208.089409696667,287.720952716216,273.649097044424,311.610496280543,332.877389987134,475.020964564449,275.340073682653,295.116494923736,147.396906921551,255.371172700868,242.402560370761
501.461234178778,373.413315814529,384.33158567561,355.725322559718,373.175757517761,289.606208722539,388.483406005662,383.562490584546,297.016564739259,373.175757517761,297.508127197955,290.731501004067,295.249610422405,298.166566315363,501.766013305095,434.77129977555,285.962491120142,307.074992652586,501.781158671219,324.813046175288,286.792930511747,369.989872240532,496.227618514611,379.136644028088,358.423339016025,354.295212718731,353.291501247182,314.810007064392,407.752646388693,365.083810923411,413.133505214433,333.737328906968,357.150791682184,305.245192543417,379.136644028088,297.016564739259,298.682697156135,342.326770006948,296.843370830679,298.009412283233,358.005229002814,345.850416861081,388.483406005662,334.119199579802,311.150654966774,380.716286821574,373.065584988795,373.065584988795,307.319488600061,342.326770006948,332.163862118202,308.697115664084,388.483406005662,327.211877204266,334.666088554889,398.879520513272,352.879223378829,373.175757517761,328.212074531044,383.562490584546,503.927287564429,208.156166838649,505.854122843782,297.051893901273,297.746331090143,296.316000587183,298.010154868393,295.826310664014,297.746331090143,407.752646388693,306.842467728491,408.297414482764,286.595333669691,296.424126982659,347.244916851576,379.133574215467,296.363436263492,379.708659425895,361.112962648974,384.33158567561,293.046755978001,381.173507330727,297.508127197955,355.644628841775,336.482780171782,348.707250914405,307.708766423943,372.445044640363,352.578197728254,385.881338164516,509.626911033347,295.346736366825,295.719814765492,379.245639970731,347.146887025568,362.601521334172,294.539433056384,352.742551729911,342.326770006948,349.085788485906,340.902133869641,347.146887025568,369.989872240532,296.316000587183,361.112962648974,300.662295312935,347.706635991981,295.666902363953,296.363436263492,356.522768258052,394.261241614049,354.009475755511,288.979770985428,341.264489603862,379.245639970731,345.850416861081,380.799110481137,297.016564739259,308.822931672694,294.539433056384,297.236712126137,407.752646388693,500.809386322601,297.837780114979,377.19668244886,354.009475755511,347.723357814655,306.448243405279,385.823293829834,356.381958256386,333.043802435376,352.311161195547,360.231391451489,308.363162606714,379.133574215467,377.685358061505,373.065584988795,286.595333669691,298.682697156135,377.685358061505,345.850416861081,394.261241614049,347.244916851576,342.326770006948,349.085788485906,346.916731023576,347.874598215004,297.837780114979,347.706635991981,342.326770006948,379.708659425895,347.723357814655,452.397762178404,499.680578779297,295.666902363953,299.871553559059,342.326770006948,348.435613038767,296.874180605326,389.880000493746,297.016564739259,380.799110481137,285.558025140108,328.467364321864,308.451799794495,299.627346539504,493.841360813561,348.707250914405,350.864427814422,348.707250914405,350.091228180649,370.911753631625,365.083810923411,296.426658106714,0,295.666902363952,348.791992966598,367.604601612966,310.697314790481,362.601521334172,271.166875160394,386.484592870305,407.752646388693,503.518021074159,348.707250914405,369.989872240532,299.270898530895,330.497913338636,308.451799794495
468.390444955207,281.830827514163,332.742118231861,264.128339786076,281.589081393945,192.901118525052,296.894076128966,291.974007950881,138.917685924632,281.589081393945,150.863983989184,181.37509235551,107.111538247053,161.9783889109,469.576422498718,382.883875481616,236.774698080056,216.134181256176,468.153016418774,233.353117769283,221.361600013988,278.402655510056,463.071645563227,287.548602629668,272.134844872581,262.779816569797,263.082502476811,239.522332132781,316.163160610036,273.493028089214,363.996412415193,241.291569612104,332.77841245446,234.462700920988,287.548602629668,138.917685924632,171.130487185141,324.811632220489,132.43303680357,148.034336306692,266.416206634619,257.534815050182,296.894076128966,244.660681766659,193.631687679685,329.15792570011,281.473398003135,281.473398003135,258.159461072541,324.811632220489,242.46094084562,245.005408031743,296.894076128966,235.498252982158,262.542852689309,349.668641745928,295.956114641784,281.589081393945,236.097127283835,291.974007950881,470.099636193237,294.234251158782,471.938645531682,142.868133314659,173.085974956003,159.884630091662,156.844801676011,89.2192438855253,173.085974956003,316.163160610036,191.683857407798,379.919451450136,225.844973287897,135.749301283462,257.167939622124,327.649706722092,110.62781157805,288.110093770737,270.925536063978,332.742118231861,187.557209886279,289.583630455591,150.863983989184,264.025841852167,243.575955147172,258.946079752049,243.880577777063,280.133996805271,264.917244998484,331.898288123953,475.207966425198,178.229116742037,319.589849854296,287.656754214938,257.32713144516,271.005590206599,162.358359958311,329.025449936322,324.811632220489,258.830193640391,249.753340735864,257.32713144516,278.402655510056,159.884630091662,270.925536063978,165.818785790906,257.698604782547,0,110.62781157805,264.488859708001,302.671807396399,262.197314177901,183.584946622969,248.240428292939,287.656754214938,257.534815050182,289.211692015513,138.917685924632,190.878627168281,162.358359958311,150.790446958898,316.163160610036,469.204471703458,165.273755894714,325.745585758973,262.197314177901,257.773852971598,237.324261247158,296.043095112684,264.550538913103,243.54901994786,260.400353247717,268.637384660918,195.04942877036,327.649706722092,286.093267679506,281.473398003135,225.844973287897,171.130487185141,286.093267679506,257.534815050182,302.671807396399,257.167939622124,324.811632220489,258.830193640391,255.528860557676,327.483807633682,165.273755894714,257.698604782547,324.811632220489,288.110093770737,257.773852971598,400.324102136636,466.374056878169,0,161.534766772011,324.811632220489,258.434641876935,134.641248758615,298.291661677318,138.917685924632,289.211692015513,243.906933626605,236.234509977788,245.455520616535,155.314398499789,460.696140762178,258.946079752049,260.634979132448,258.946079752049,259.898352922739,279.326107070095,273.493028089214,163.962921289345,295.666902363952,0,259.097829735365,276.012859701791,201.722489452655,271.005590206599,276.411683400952,294.896509320234,316.163160610036,471.203357407881,258.946079752049,278.402655510057,175.483821765267,238.597488873038,245.455520616535
504.112821194347,141.359692949999,394.55930759053,124.028644632322,141.202525126385,278.318007028191,156.552459241369,151.617113187512,268.669190597403,141.202525126385,271.997892985792,278.894032789181,257.334456813979,275.136740355211,506.458900708174,444.924763968311,306.225081938854,296.248500604353,504.267946133615,180.377422956805,287.132151111009,138.030853927579,496.448083416486,147.18489529963,146.8524070348,121.306576332115,77.0175509158483,315.119409306046,175.823486126747,133.205957178275,424.91686706841,122.861321170969,393.160526235465,309.721254867742,147.18489529963,268.669190597403,278.034512241148,385.358771064388,265.519323803815,267.741084173227,126.12897384961,102.52166962809,156.552459241369,94.9882892270487,227.31646710666,390.953205971784,141.199732260893,141.199732260893,330.70179850586,385.358771064388,100.043580766246,318.980689445306,156.552459241369,131.350428002688,256.771573824971,410.844061307932,282.501810930647,141.202525126385,132.973574872124,151.617113187512,506.266880157988,345.84834065696,507.887853306399,268.452701693218,278.692365341337,274.118454530651,273.750483228831,259.227273878526,278.692365341337,175.823486126747,273.798818744888,402.225083264973,290.043776121946,254.950736769406,66.1887431159503,389.379310827907,263.915459961246,147.962882650245,83.47990280834,394.55930759053,283.457589485863,149.256774746438,271.997892985792,124.373211389293,151.882682513856,35.2993496064389,316.625098634718,152.636011563342,122.327106173751,396.110080252749,511.374257856556,263.411825312364,368.455369943934,147.31019570429,54.2452417066301,130.832398762546,254.55529396325,389.782646185893,385.358771064388,75.7437965877968,100.426053123724,54.2452417066301,138.030853927579,274.118454530651,83.47990280834,241.951816923585,61.1505356469093,259.097829735365,263.915459961246,132.620115497392,162.33146373566,126.567389950438,276.104964028746,133.84123496131,147.31019570429,102.52166962809,148.83500308084,268.669190597403,272.179711014448,254.55529396325,246.315973417761,175.823486126747,507.779343249098,276.437295404202,387.454377612668,126.567389950438,57.0763366496052,312.352952213231,83.5342420489596,129.058001257472,96.6361167513763,126.632363528029,128.436564468401,214.455967638071,389.379310827907,145.814192363679,141.199732260893,290.043776121946,278.034512241148,145.814192363679,102.52166962809,162.33146373566,66.1887431159503,385.358771064388,75.7437965877968,112.0363617662,387.850225615844,276.437295404202,61.1505356469093,385.358771064388,147.962882650245,57.0763366496052,462.505945275193,502.42199854435,259.097829735365,273.472548895042,385.358771064388,60.3256990657051,267.016614036996,157.930002778727,268.669190597403,148.83500308084,313.427808924237,132.691168944478,318.144138825386,270.584067078517,493.399783551815,35.2993496064389,75.8742812208381,35.2993496064389,73.2789682772939,138.921129380018,133.205957178275,275.48004168702,348.791992966598,259.097829735365,0,135.739084244714,284.220758421425,130.832398762546,340.55811670616,154.530831097891,175.823486126747,504.567348221172,35.2993496064385,138.030853927579,279.767391303909,126.691119307948,318.144138825386
523.959656344135,29.0078363760434,412.975452845146,41.8161487767959,25.6227678623309,296.001928522954,40.4386901872677,35.6334126620652,285.743225044369,25.6227678623309,289.135171855731,296.375154812917,274.153489021585,292.30032025689,526.236726873976,463.328695335592,324.363372072058,313.61666140269,524.096551169739,199.11111717075,305.269006056427,21.2771537798812,516.424757801913,31.2492234994135,186.798701769718,68.2697174708268,127.994595990723,332.829165920205,59.7649991574815,17.0273346534342,443.395316403347,118.997305550255,411.704141935213,327.509759166991,31.2492234994135,285.743225044369,295.227580804118,403.898448530278,282.490670134607,284.696291808155,34.8849529561487,154.772487756049,40.4386901872677,134.376406230065,242.09986264149,409.3706047951,22.2132855212626,22.2132855212626,348.731919600069,403.898448530278,132.693747517249,336.874762807135,40.4386901872677,145.458394660644,277.334563400262,429.310147315799,305.021341865866,25.6227678623309,145.065137025268,35.6334126620652,526.093885169284,364.698420026885,527.727599196512,285.489883074672,295.929857390181,291.355906197331,290.900445054889,276.100475717709,295.929857390181,59.7649991574815,290.479775208072,422.710132788773,308.238285269263,271.614915420102,125.875066089344,407.799958347675,280.911554231419,30.9284897117506,136.291539625933,412.975452845146,300.947701783118,32.5151351711903,289.135171855731,45.9497549457819,164.129737152405,134.28788891133,334.543837514611,121.45729844056,168.712748278901,414.410182737442,531.205529471687,280.147564620637,387.510054491501,30.9474321446395,131.985650922526,25.2929547100815,271.107401484697,408.309656837581,403.898448530278,122.751754310661,84.1995831923844,131.985650922526,21.2771537798812,291.355906197331,136.291539625933,258.101795692477,127.795412543415,276.012859701791,280.911554231419,92.0894360666279,46.2561260402664,78.5680076256444,293.674725690535,125.108858576485,30.9474321446395,154.772487756049,33.2509477820063,285.743225044369,288.744913086109,271.107401484697,262.74445268821,59.7649991574815,527.461350964041,293.648419853007,405.876326137448,78.5680076256444,129.185469935021,330.16738205503,170.651983144704,76.2579763523683,133.968150653643,84.4559666023404,30.3143525348892,228.919339287559,407.799958347675,27.9133376014204,22.2132855212626,308.238285269263,295.227580804118,27.9133376014204,154.772487756049,46.2561260402664,125.875066089344,403.898448530278,122.751754310661,81.5770070426162,406.396794713934,293.648419853007,127.795412543415,403.898448530278,30.9284897117506,129.185469935021,480.902232171194,522.25228304183,276.012859701791,290.511862568588,403.898448530278,128.530174114659,284.039322686947,42.0440568038914,285.743225044369,33.2509477820063,331.585103358682,143.880688575958,336.07247652568,287.557884906491,513.4132777526,134.28788891133,125.108694489495,134.28788891133,125.339203689415,23.9644796990928,17.0273346534342,292.727488217506,367.604601612966,276.012859701791,135.739084244714,0,301.108297667226,25.2929547100815,358.939611051735,38.69952199684,59.7649991574816,524.538752436862,134.28788891133,21.2771537798813,296.976031398866,136.489707794245,336.07247652568
472.992363986522,306.926611006715,318.072870089029,289.223842830202,306.684684663527,232.092629064966,321.989525425907,317.06950481692,202.733256222753,306.684684663527,204.687119928659,217.003321381748,195.248631862277,202.863531294276,473.894913381215,367.987408732337,262.796990985683,162.284921202461,472.373452487059,259.675963343108,253.364591266631,303.498250995312,468.809628723101,312.644127656184,297.136640285326,287.879302814978,288.20525834239,208.419955063207,341.258597026006,298.588530870966,350.989395976131,266.395790455497,330.941620200716,211.900470032404,312.644127656184,202.733256222753,200.951898237488,325.324702977169,197.265412675617,192.891407576437,291.511918206146,282.63271243539,321.989525425907,269.806875283417,214.155520915396,314.512281733826,306.568775780458,306.568775780458,256.02624986701,325.324702977169,267.620702701419,229.902690416058,321.989525425907,260.781503255159,289.212312862443,336.569126535871,317.696683168469,306.684684663527,261.359549435651,317.06950481692,474.226402363931,311.375642989134,476.142439362532,198.748597392791,202.97601940247,209.131986004698,203.941983436218,198.125590821497,202.97601940247,341.258597026006,114.950005434463,393.671055166319,256.831913860662,190.123690889825,282.291802220762,313.061871236049,202.137709626636,313.205197002215,296.048306965845,318.072870089029,217.409158336604,314.679073058964,204.687119928659,289.120531169361,268.904779398133,284.069355335107,225.162516130852,305.196158708993,289.99021942001,315.395255736456,479.130346967744,124.041654516115,329.50706133899,312.752242002401,282.451554275877,296.100931450332,162.976911413131,327.487951413047,325.324702977169,283.952921205806,274.865027792179,282.451554275877,303.498250995312,209.131986004698,296.048306965845,200.067287017225,282.82228210763,201.722489452655,202.137709626636,289.566278824022,327.767248006573,287.28555226724,224.171839350162,273.294658261274,312.752242002401,282.63271243539,314.307243582754,202.733256222753,134.384905619416,162.976911413131,195.820170817392,341.258597026006,472.874070833151,205.433921850196,311.182465354971,287.28555226724,282.897557968854,217.010060882257,321.165732022064,289.636836705774,268.699502582232,285.484821607603,293.732846999655,218.938526329315,313.061871236049,311.188631367617,306.568775780458,256.831913860662,200.951898237488,311.188631367617,282.63271243539,327.767248006573,282.291802220762,325.324702977169,283.952921205806,280.63440867833,327.023633837806,205.433921850196,282.82228210763,325.324702977169,313.205197002215,282.897557968854,385.285554062735,470.736097906894,201.722489452655,194.642106771541,325.324702977169,283.558079069764,199.925077824002,323.387159119251,202.733256222753,314.307243582754,267.222471095294,261.482070911894,227.767975130297,193.00636138975,466.773804899797,284.069355335107,285.757719233938,284.069355335107,285.02128357332,304.421763131246,298.588530870966,208.089409696667,310.697314790481,201.722489452655,284.220758421425,301.108297667226,0,296.100931450332,290.200204185403,319.992022605419,341.258597026006,477.233715458508,284.069355335107,303.498250995312,200.344398256085,263.800117494688,227.767975130297
518.958781383503,35.4862763454281,407.971460139709,35.4181929378152,33.9612051128571,290.996382010751,49.1156815926828,44.2339276202344,280.736304272811,33.9612051128571,284.128391134918,291.369142223608,269.145999818922,287.293594459339,521.235703665158,458.324675919644,319.35882511806,308.610364109356,519.095635641619,194.109205818009,300.264473652549,30.3092408519823,511.424164465524,39.8143381679189,181.836127089,63.2512767565377,123.130296446893,327.823624852032,68.4210339009935,20.6217230334943,438.391460890826,113.939632938875,406.700443285151,322.504394423866,39.8143381679189,280.736304272811,290.220917418722,398.894744606168,277.483517991491,279.689099151321,27.80639379419,149.826853187066,49.1156815926828,129.425635382844,237.08774564492,404.366614832573,32.3874677854048,32.3874677854048,343.727098085265,398.894744606168,127.734466622932,331.869633500607,49.1156815926828,140.450934782915,272.335536461953,424.306264958141,300.026288238733,33.9612051128571,140.052298323576,44.2339276202344,521.092965787304,359.695427815444,522.726707254782,280.482877135529,290.923293648046,286.349350455686,285.893690701793,271.093109053415,290.923293648046,68.4210339009935,285.471948049882,417.71066590494,303.233879652888,266.607075285464,120.988824281163,402.795975479763,275.90446257588,38.5949522316076,131.429101831524,407.971460139709,295.94170519184,41.5010477629599,284.128391134918,39.4859477518077,159.114999094872,129.384412549523,329.538759913167,116.240699172088,163.759590010268,409.405936861027,526.204618097704,275.139861947466,382.5074897683,39.7468827967925,127.081487265131,0,266.099295048976,403.305922458902,398.894744606168,117.885397166577,79.3790407925559,127.081487265131,30.3092408519823,286.349350455686,131.429101831524,253.092807079494,122.906692409003,271.005590206599,275.90446257588,86.7853722794062,54.9181600890502,73.1532870898418,288.668919824994,120.025281667075,39.7468827967925,149.826853187066,41.6186735463326,280.736304272811,283.736827017087,266.099295048976,257.736090451777,68.4210339009935,522.460120672719,288.641800790826,400.872346118605,73.1532870898418,124.292748133274,325.162075263786,165.752223212003,70.7789293654795,129.0144353832,79.1221764281475,20.3822116956263,223.906504292293,402.795975479763,37.3804211189581,32.3874677854048,303.233879652888,290.220917418722,37.3804211189581,149.826853187066,54.9181600890502,120.988824281163,398.894744606168,117.885397166577,76.6525260079349,401.393104425258,288.641800790826,122.906692409003,398.894744606168,38.5949522316076,124.292748133274,475.898196038746,517.251371754149,271.005590206599,285.504855537974,398.894744606168,123.642838437346,279.032286319358,50.6058489812972,280.736304272811,41.6186735463326,326.580593279592,138.865575989711,331.067420568816,282.550732264723,508.412764400638,129.384412549523,120.243466488343,129.384412549523,120.469489512203,31.8736017845204,20.6217230334943,287.720952716216,362.601521334172,271.005590206599,130.832398762546,25.2929547100815,296.100931450332,0,353.935580710437,47.2237866979569,68.4210339009936,519.538149330027,129.384412549523,30.3092408519823,291.969401185269,131.474193066757,331.067420568816
500.57479212345,364.750426051109,370.436921195811,347.059145421629,364.511916609784,267.391545674243,379.818961736037,374.898238952419,275.963521341191,364.511916609784,275.808664239954,265.644508852088,275.996039759477,275.777435117125,500.96657737629,420.741317376199,258.027050504583,285.478702436324,500.53396618047,316.137031867382,270.250437037574,361.325908770321,495.930215573438,370.472492751746,350.966628154553,345.647559372865,344.940563402588,293.249226018499,399.088166603166,356.419038493471,399.841972205295,324.878790888963,344.655331832602,282.405652578371,370.472492751746,275.963521341191,275.680121200661,328.96213852089,276.299557694872,277.143512705271,349.340857934038,337.930554810599,379.818961736037,325.938377739497,296.751434303081,366.834865099729,364.400492697029,364.400492697029,274.874456378921,328.96213852089,323.927186265285,284.319404735956,379.818961736037,318.516733503673,330.259105241795,385.43733372687,352.458927265578,364.511916609784,319.426591909105,374.898238952419,502.575185417592,279.893953259061,504.518985089397,275.940039648417,274.340835023786,273.942318867997,275.957718741442,276.411357950731,274.340835023786,399.088166603166,286.955996130511,414.31915738661,270.760143876842,277.59242629799,338.923977737337,365.291851845388,276.245054648437,371.042118569657,352.766929512814,370.436921195811,266.923024413657,372.508939096965,275.808664239954,346.973502480972,327.517564938566,340.458131308094,285.450201605885,363.616796048057,344.807764204776,370.504814835656,508.004345022061,275.201948471022,319.018839702151,370.581296893322,338.884423414261,353.935580710437,275.275962323366,339.523933784461,328.96213852089,340.724256355786,332.337691419643,338.884423414261,361.325908770321,273.942318867997,352.766929512814,284.232733569496,339.40137726459,276.411683400952,276.245054648437,347.757433709565,385.596773574232,345.294474054575,265.635822880304,332.275146619063,370.581296893322,337.930554810599,372.135100700039,275.963521341191,289.309503653172,275.275962323366,279.900064826483,399.088166603166,499.79327007855,275.076404916042,363.367505250773,345.294474054575,339.431406283944,283.179208483542,377.569860201648,347.66257174992,324.854638482255,343.573781123242,351.565888256026,294.975397443467,365.291851845388,369.020287389748,364.400492697029,270.760143876842,275.680121200661,369.020287389748,337.930554810599,385.596773574232,338.923977737337,328.96213852089,340.724256355786,338.298019924171,335.164082059909,275.076404916042,339.40137726459,328.96213852089,371.042118569657,339.431406283944,438.282492245105,498.598348082145,276.411683400952,278.187555670602,328.96213852089,340.131964222333,276.082872424177,381.215781469832,275.963521341191,372.135100700039,250.419548272968,319.65547134676,285.903319833148,278.49582222267,493.729745455733,340.458131308094,342.508840439977,340.458131308094,341.74395343576,362.248146665047,356.419038493471,273.649097044424,271.166875160394,276.411683400952,340.55811670616,358.939611051735,290.200204185403,353.935580710437,0,377.820431896643,399.088166603166,503.631955225037,340.458131308094,361.325908770321,275.996406610719,321.761868884115,285.903319833148
542.837711915308,35.1812078240945,431.856233925666,61.3319035329503,27.1050345396039,314.884077372119,22.1212978369641,14.7149154240438,304.626569287643,27.1050345396039,308.018393786531,315.257707429257,293.037329044168,311.183493526886,545.114912347155,482.209499752883,343.244647290263,332.499455007323,542.97464210454,217.990254719966,324.15027145923,31.0946757776584,535.302566954816,17.2292766953542,205.642785505158,87.1487223591468,146.741777612086,351.71130002989,39.9470000469325,41.2168219730834,462.275977948172,137.92614567058,430.584668988403,346.391740012368,17.2292766953542,304.626569287643,314.110698966446,422.778980754821,301.374215609519,303.579871600644,54.5740170790105,173.601118157074,22.1212978369641,153.210608395222,260.987724285879,428.251383480234,34.7716730979826,34.7716730979826,367.613428339327,422.778980754821,151.535905917757,355.756538713576,22.1212978369641,164.342922037137,296.211037524078,448.190832362063,323.894305170569,27.1050345396039,163.954381013467,14.7149154240438,544.971979427198,383.578335210494,546.605669420466,304.373300936935,314.81288882694,310.238932319895,309.783643598081,294.984209240964,314.81288882694,39.9470000469325,309.363901573268,441.586959255275,327.119439849725,290.499060288119,144.647425907547,426.680730827834,299.795048107841,48.806056224343,155.03522287227,431.856233925666,319.830239682236,27.0273045532863,308.018393786531,65.5882901165501,183.020449975137,153.076543456599,353.425567736815,140.532558547008,187.548281442248,433.291185303974,550.083616566117,299.031583542576,406.389592922301,21.8356395376208,150.775454837774,47.2237866979569,289.991774348449,427.190215219994,422.778980754821,141.503486062878,102.946738303955,150.775454837774,31.0946757776584,310.238932319895,155.03522287227,276.986943016244,146.56964289355,294.896509320234,299.795048107841,111.249996831342,26.7307979660722,97.7853387963358,312.557099789634,144.059980724296,21.8356395376208,173.601118157074,16.2744148189773,304.626569287643,307.629264888898,289.991774348449,281.629054160669,39.9470000469325,546.339717731812,312.531500230859,424.757096131438,97.7853387963358,147.963646094334,349.049312488544,189.436629510757,95.5586914516236,152.805073449032,103.623823221212,50.8326951853518,247.807834578531,426.680730827834,34.9224845031547,34.7716730979826,327.119439849725,314.110698966446,34.9224845031547,173.601118157074,26.7307979660722,144.647425907547,422.778980754821,141.503486062878,100.403235043391,425.277314778764,312.531500230859,146.56964289355,422.778980754821,48.806056224343,147.963646094334,499.783051194506,541.130370343084,294.896509320234,309.395280099877,422.778980754821,147.302628995384,302.922767478695,14.5001949880713,304.626569287643,16.2744148189773,350.466345537654,162.771939223916,354.954187958363,306.441429475702,532.291016934313,153.076543456599,143.857936445098,153.076543456599,144.093307058538,30.335474799776,41.2168219730834,311.610496280543,386.484592870305,294.896509320234,154.530831097891,38.69952199684,319.992022605419,47.2237866979569,377.820431896643,0,39.9470000469328,543.4165703512,153.076543456599,31.0946757776585,315.859120320364,155.381552462771,354.954187958363
564.106464096196,57.6275120512527,453.123950206995,82.6290619619815,49.4490723992838,336.15132218723,31.0893504371167,37.1935282393596,325.893332998727,49.4490723992838,329.285204241009,336.524781557599,314.303900065964,332.450319049587,566.383616541747,503.477207103395,364.512223201389,353.766397779176,564.24338041946,239.259373304906,345.417865007524,52.7131362958099,556.571411714984,41.3036828710764,226.922708997223,108.464068699433,168.042851623838,372.978500640044,0,62.43975372044,483.543741754183,159.186119914194,451.852496713141,367.659003193434,41.3036828710764,325.893332998727,335.377542501829,444.046809210552,322.640898162521,324.846535557445,75.8896911596145,194.885191190529,31.0893504371167,174.494147529465,282.252660546572,449.519100684383,55.0718788111585,55.0718788111585,388.880884278125,444.046809210552,172.817743452685,377.023883972479,31.0893504371167,185.612404335502,317.4805357574,469.458587417484,345.164973111873,49.4490723992838,185.222463906352,37.1935282393596,566.240716280287,404.846421826703,567.874415200058,325.640032621998,336.079767048154,331.505821058368,331.050461161901,316.250823584309,336.079767048154,0,330.630316407846,462.856185911732,348.387075357134,311.765506495644,165.944385849391,447.94845036989,321.061756667203,69.098208476839,176.33656680125,453.123950206995,341.097315717259,44.4943606158597,329.285204241009,86.8547192436488,204.287245953883,174.369877918165,374.692927864126,161.749648917817,208.830556162619,454.558818454321,571.352355433406,320.298046489435,427.657808154532,41.6261724592577,172.068737126227,68.4210339009936,311.258109370991,448.458031518906,444.046809210552,162.804317196413,124.259305745335,172.068737126227,52.7131362958099,331.505821058368,176.33656680125,298.253004676842,167.866033792157,316.163160610036,321.061756667203,132.459531833937,23.6017428044879,119.013586548756,333.824252267268,165.310121617968,41.6261724592577,194.885191190529,43.2646279616093,325.893332998727,328.895589954013,311.258109370991,302.895329713385,0,567.608354254335,333.798362924553,446.024816642343,119.013586548756,169.259218716193,370.316596033019,210.730676141263,116.762524497262,174.087988905194,124.847685283158,72.1047568775681,269.072570499816,447.94845036989,54.3340347360642,55.0718788111585,348.387075357134,335.377542501829,54.3340347360642,194.885191190529,23.6017428044879,165.944385849391,444.046809210552,162.804317196413,121.707807034193,446.545146696777,333.798362924553,167.866033792157,444.046809210552,69.098208476839,169.259218716193,521.050752960811,562.399110358459,316.163160610036,330.662005314904,444.046809210552,168.599254818191,324.189490693593,37.3293362562917,325.893332998727,43.2646279616093,371.733930085722,184.039486549923,376.221555872919,327.708105463658,553.559888042994,174.369877918165,165.158899186176,174.369877918165,165.393409913912,52.4442399280085,62.43975372044,332.877389987134,407.752646388693,316.163160610036,175.823486126747,59.7649991574816,341.258597026006,68.4210339009936,399.088166603166,39.9470000469328,0,564.685412745763,174.369877918165,52.7131362958097,337.125973660335,176.649897826251,376.221555872919
378.646174151022,530.342117647353,492.888393168978,512.662766233142,530.106957966499,476.947587284414,545.416088753481,540.494697952179,473.693775619164,530.106957966499,474.767178253254,473.736861766011,469.731477519526,475.158335302811,398.904122286935,544.386690870801,491.117129268418,469.16850686046,402.724330383313,483.680845843409,482.418336128391,526.92139751235,332.85482575293,536.068607464061,511.774683273985,511.186632503654,509.392855631303,471.145283285272,564.685412745763,522.017436081505,519.823172357226,491.206121983224,516.073229465698,464.743882297325,536.068607464061,473.693775619164,475.280680814488,514.721216312592,472.295859027765,472.724969543501,514.937982918217,500.702128036724,545.416088753481,489.791365586025,478.60464700224,489.169769229494,529.999951670568,529.999951670568,487.212991347489,514.721216312592,488.014993482694,471.856917176354,545.416088753481,484.486946058796,493.362074741993,507.367740903358,483.43771147838,530.106957966499,485.692231138519,540.494697952179,411.188316970134,505.866424211015,413.471855658674,473.016892610524,475.014146977062,475.037201271068,475.150731945643,470.825534494871,475.014146977062,564.685412745763,474.589041045784,488.181551813489,483.982752250136,469.571772484417,503.264581038543,487.269538244457,472.500826764293,536.646676342258,517.200675270979,492.888393168978,475.620617531025,538.106519325912,474.767178253254,512.594659237685,494.509058662702,504.525715044147,464.515454447069,529.786411688543,506.961688904333,506.633503249656,433.060723249722,463.858868542887,496.391961640937,536.178086462538,503.004640856262,519.538149330027,465.243538029563,514.918016359131,514.721216312592,505.216615720778,497.580173148445,503.004640856262,526.92139751235,475.037201271068,517.200675270979,471.626544146099,503.682274077113,471.203357407881,472.500826764293,513.709941475582,551.19398024332,511.071745247611,474.231281713651,499.026131026315,536.178086462538,500.702128036724,537.730716515829,473.693775619164,477.026526366516,465.243538029563,469.421444853387,564.685412745763,439.559571628922,475.528030047283,485.233856230921,511.071745247611,503.661958621779,466.971252896347,541.65254146912,513.454096603752,488.747091205621,509.430032790565,517.166958005816,474.941233899368,487.269538244457,534.619652686333,529.999951670568,483.982752250136,475.280680814488,534.619652686333,500.702128036724,551.19398024332,503.264581038543,514.721216312592,505.216615720778,503.736244864539,514.189661353897,475.528030047283,503.682274077113,514.721216312592,536.646676342258,503.661958621779,562.679869831365,390.390200392168,471.203357407881,474.8555449193,514.721216312592,504.406335457911,472.921707817264,546.812119499418,473.693775619164,537.730716515829,494.382878397467,485.996088759342,466.214850353315,474.217383395449,327.470398452572,504.525715044147,506.978711753424,504.525715044147,506.182670163681,527.842373012425,522.017436081505,475.020964564449,503.518021074159,471.203357407881,504.567348221172,524.538752436862,477.233715458508,519.538149330027,503.631955225037,543.4165703512,564.685412745763,0,504.525715044147,526.92139751235,475.620741827364,487.76723211869,466.214850353315
504.066716300264,139.90272221192,394.461754853904,122.584232093282,139.747904962294,278.192681463828,155.098830399332,150.163102606979,268.523159580949,139.747904962294,271.854089177035,278.762106070996,257.179558573516,274.993972046671,506.410252479054,444.826774675196,306.115914561783,296.113776833968,504.221208836426,180.255253355883,287.022409932923,136.576767016381,496.406687867445,145.730760017479,147.684680938908,119.834162228391,73.5133923076705,314.996646143509,174.369877918165,131.754586364384,424.821498047227,122.002838663832,393.067036878264,309.601174227824,145.730760017479,268.523159580949,277.892877438333,385.265039497347,265.369807391868,267.591161573371,124.678707320632,104.145441599821,155.098830399332,95.2048376200796,227.09334994379,390.855697926013,139.748281231658,139.748281231658,330.589904638179,385.265039497347,99.9915544428337,318.864244809275,155.098830399332,130.973878969293,256.743529593336,410.74824327705,282.552046642504,139.747904962294,132.543227705605,150.163102606979,506.22009557722,345.764764940556,507.841536276071,268.305491195854,278.552250671094,273.978073254336,273.6071826308,259.074200313749,278.552250671094,174.369877918165,273.640284836114,402.20147074315,289.936086233657,254.790644512986,62.1441687477461,389.281919608582,263.766625382568,146.514838797422,79.9128082334586,394.461754853904,283.326102782935,147.803668598238,271.854089177035,122.940979541367,151.495207399718,0,316.509613985947,151.48075628707,123.542287621681,396.00834529426,511.327662879175,263.255066081521,368.379701522935,145.85654607957,49.9564602759317,129.384412549523,254.391911398222,389.688544438249,385.265039497347,72.4022227829258,98.7355929160772,49.9564602759317,136.576767016381,273.978073254336,79.9128082334586,241.77381850062,56.4671474524195,258.946079752049,263.766625382568,131.378275272751,160.877846914892,125.244525987235,275.975826455422,132.956200093172,145.85654607957,104.145441599821,147.38048799816,268.523159580949,272.017194878624,254.391911398222,246.147533555445,174.369877918165,507.727198353158,276.296152012002,387.357032573685,125.244525987235,51.5619325814862,312.233759584346,83.0311316455147,127.732769854903,96.787721122672,125.354494150059,126.988179086248,214.221211329975,389.281919608582,144.362498349855,139.748281231658,289.936086233657,277.892877438333,144.362498349855,104.145441599821,160.877846914892,62.1441687477461,385.265039497347,72.4022227829258,110.530018886298,387.756784294981,276.296152012002,56.4671474524195,385.265039497347,146.514838797422,51.5619325814862,462.407682649554,502.375305389503,258.946079752049,273.325610259382,385.265039497347,55.7402236791123,266.868839319084,156.475791377204,268.523159580949,147.38048799816,313.31946343481,132.234304453785,318.028976590427,270.434841374599,493.359720119616,0,72.4375708001029,0,69.7227156107897,137.466078004017,131.754586364384,275.340073682653,348.707250914405,258.946079752049,35.2993496064385,134.28788891133,284.069355335107,129.384412549523,340.458131308094,153.076543456599,174.369877918165,504.525715044147,0,136.576767016381,279.626347895964,126.150733867256,318.028976590427
526.342594020445,21.7214767397685,415.361747504504,44.618925602503,15.2819885650036,298.389842540524,33.3801011100853,28.1729651688365,288.132649236804,15.2819885650036,291.52444489876,298.763590108352,276.543530300915,294.689537948426,528.619822610586,465.715018824171,326.750210563868,316.005447508914,526.479533010791,201.494281171572,307.65581325071,0,518.807393451047,23.4237626833814,189.142410551186,70.5487808081435,130.249590118838,335.217129609697,52.7131362958097,23.6998467875455,445.781461042165,121.429353356228,414.090103370686,329.89752818045,23.4237626833814,288.132649236804,297.616734527066,406.284412623345,284.880348767211,287.086020249827,37.7587883384328,157.099965023605,33.3801011100853,136.70759628389,244.495008659109,411.756896487349,21.1772147463109,21.1772147463109,351.119088754964,406.284412623345,135.032514941726,339.262273617208,33.3801011100853,147.844697926682,279.715345544358,431.696320660839,307.398033089228,15.2819885650036,147.456804069946,28.1729651688365,528.476871385692,367.083591097615,530.110556101948,287.87940350989,298.318901863917,293.744932594606,293.289691674523,278.490381826151,298.318901863917,52.7131362958097,292.870232802112,425.091545913708,310.624956087559,274.00534470346,128.148410422969,410.186242422333,283.30116059518,34.5414010542322,138.545285044716,415.361747504504,303.336123961019,26.1974484875655,291.52444489876,48.9269385906018,166.524348000111,136.576767016381,336.931295412976,124.065925723123,171.047365279865,416.796748876411,533.588507869573,282.537880152762,389.894781633685,23.6923524749065,134.274929587321,30.3092408519823,273.498144779382,410.695656208063,406.284412623345,125.007945044452,86.4051059625744,134.274929587321,0,293.744932594606,138.545285044716,260.493466388194,130.071133104855,278.402655510057,283.30116059518,94.7801873846872,39.2069535603173,81.2760028074198,296.062926589235,127.571745336955,23.6923524749065,157.099965023605,25.231615778352,288.132649236804,291.135654109952,273.498144779382,265.135441307701,52.7131362958097,529.844668286864,296.037520496145,408.262607118203,81.2760028074198,131.464736498951,332.555087321724,172.937692394348,79.0738248686357,136.302019242151,87.1309969453692,33.9544503700974,231.315215381704,410.186242422333,24.930538470853,21.1772147463109,310.624956087559,297.616734527066,24.930538470853,157.099965023605,39.2069535603173,128.148410422969,406.284412623345,125.007945044452,83.8482171035048,408.782745422962,296.037520496145,130.071133104855,406.284412623345,34.5414010542322,131.464736498951,483.288573696385,524.635259954491,278.402655510057,292.90139150545,406.284412623345,130.804802641229,286.428873939085,34.6042692358167,288.132649236804,25.231615778352,333.971906537385,146.274550463876,338.459910397085,289.94757174692,515.795827553825,136.576767016381,127.364230808425,136.576767016381,127.59855982291,13.4099588415597,23.6998467875455,295.116494923736,369.989872240532,278.402655510057,138.030853927579,21.2771537798813,303.498250995312,30.3092408519823,361.325908770321,31.0946757776585,52.7131362958097,526.92139751235,136.576767016381,0,299.365150845355,138.882725673917,338.459910397085
472.118350794742,302.792622405831,328.780381001144,285.092360746354,302.5514929861,203.370575283582,317.856867874711,312.936677912968,157.555120379305,302.5514929861,151.100914036636,172.784229250034,172.260603618971,130.476945166655,473.067248465316,378.851583885821,241.486322763472,207.87655284631,471.732340823768,254.600886555921,232.921566653612,299.365150845355,467.411526723664,308.511210067379,292.234133173789,283.731945232774,283.833601897395,230.621871683879,337.125973660335,294.456064828832,360.254581384876,262.39264603358,329.850709140983,224.652680177269,308.511210067379,157.555120379305,87.648865051811,322.134396526453,159.104406220668,152.250955745778,287.379019538327,277.979584013801,317.856867874711,265.298793100011,217.439661754933,325.202743950554,302.436624267614,302.436624267614,249.60448164213,322.134396526453,263.141234736177,235.365717417076,317.856867874711,256.529407734473,280.733034157704,345.840759228204,310.718053165868,302.5514929861,257.186811466056,312.936677912968,473.648864328153,299.185581804536,475.537421181716,151.418946163535,97.1409555722561,155.241147191289,142.296459246047,172.237553293316,97.1409555722561,337.125973660335,194.462781522193,388.123948744166,236.94882172998,176.194257837852,277.898401129087,323.717288815193,168.097337490829,309.074259400276,291.673220877691,328.780381001144,170.346672648612,310.54650725954,151.100914036636,284.993107360415,264.809083945136,279.626347895964,235.24232098923,301.202514102158,285.251978417123,327.089315275165,478.707394621727,179.606134758927,322.341804647887,308.619485747028,278.016975082626,291.969401185269,174.813290527971,326.003546239574,322.134396526453,279.588669705802,270.650527165859,278.016975082626,299.365150845355,155.241147191289,291.673220877691,197.183256555946,278.418093548368,175.483821765267,168.097337490829,285.517434154846,323.634613383293,283.193561115096,190.565689279112,269.420190995501,308.619485747028,277.979584013801,310.174207654056,157.555120379305,196.218440607961,174.813290527971,188.493283035708,337.125973660335,472.287863296885,133.189600989655,321.818707162423,283.193561115096,278.484074493013,227.41903690436,316.726215788852,285.5493261537,264.193965155468,281.411259669733,289.600922430615,219.213992453735,323.717288815193,307.05647482792,302.436624267614,236.94882172998,87.648865051811,307.05647482792,277.979584013801,323.634613383293,277.898401129087,322.134396526453,279.588669705802,276.462353821315,324.732290348368,133.189600989655,278.418093548368,322.134396526453,309.074259400276,278.484074493013,396.24702929414,469.997158915759,175.483821765267,136.121727259638,322.134396526453,279.152950643578,157.84395713011,319.254308969737,157.555120379305,310.174207654056,246.533517148765,257.339122131598,236.77245657312,148.651054336865,465.215268988227,279.626347895964,281.389315127728,279.626347895964,280.64694206856,300.288369309001,294.456064828832,147.396906921551,299.270898530895,175.483821765267,279.767391303909,296.976031398866,200.344398256085,291.969401185269,275.996406610719,315.859120320364,337.125973660335,475.620741827364,279.626347895964,299.365150845355,0,259.63757011579,236.77245657312
487.16323893476,142.312084811521,375.892877830078,124.571968296803,142.070772246982,258.655763457313,157.380176779068,152.458943434437,248.363264475152,142.070772246982,251.765180885513,259.040149661898,236.742444556771,254.943487275934,489.422498436521,426.243863647602,287.101242327171,276.359825907929,487.297828124696,159.278040824947,267.966616150282,138.882725673917,479.65722253486,148.03252716116,159.346617720374,123.124181206139,127.871509412823,295.617333266323,176.649897826251,133.967112068558,406.320863529972,95.0694578447179,374.609102792518,290.302405573163,148.03252716116,248.363264475152,257.88316957795,366.795260566987,245.105428606593,247.322141210135,126.874291983359,133.432263370215,157.380176779068,113.046892125106,204.665097665906,372.288251675888,141.954623677486,141.954623677486,311.535810993495,366.795260566987,108.755362956547,299.676728972183,157.380176779068,87.3384553137633,240.195761711843,392.232873783095,268.8043176175,142.070772246982,83.8318668412591,152.458943434437,489.295451303234,327.586485389419,490.932314707645,248.113982886441,258.588703361365,253.992991817428,253.537126656391,238.691063485054,258.588703361365,176.649897826251,253.152604797819,386.016020077756,270.946735137686,234.201248385231,122.594916854964,370.718264885984,243.514299109141,148.592466758112,135.832584198427,375.892877830078,263.624013939786,150.068045466753,251.765180885513,124.460810554396,113.411695100757,126.150733867256,297.356523937901,141.443083966159,144.661257298939,377.303340595754,494.41010145221,242.815259602427,350.479952445185,148.140826798059,124.145978445032,131.474193066757,233.732909106806,371.210109463057,366.795260566987,123.363608615206,110.492592159795,124.145978445032,138.882725673917,253.992991817428,135.832584198427,220.620990658628,123.519171007938,238.597488873038,243.514299109141,125.113698310926,163.158342605914,122.487613630365,256.327017606745,109.526552308287,148.140826798059,133.432263370215,149.695621496588,248.363264475152,251.40815689921,233.732909106806,225.288107056494,176.649897826251,490.624504312654,256.294941296538,368.79484577291,122.487613630365,123.914769757854,292.9619188464,163.17097593426,124.988293274191,111.61461671635,120.70890276705,129.1010546312,191.383130454459,370.718264885984,146.576313205714,141.954623677486,270.946735137686,257.88316957795,146.576313205714,133.432263370215,163.158342605914,122.594916854964,366.795260566987,123.363608615206,115.7161725669,369.298116797653,256.294941296538,123.519171007938,366.795260566987,148.592466758112,123.914769757854,443.815979632049,485.452920796824,238.597488873038,253.152721891462,366.795260566987,124.310344407277,246.656577357791,158.777245554778,248.363264475152,149.695621496588,294.337585640654,80.9578149188331,298.885379376596,250.190140967773,476.653746059244,126.150733867256,125.312230590037,126.150733867256,124.760555769237,139.806734214069,133.967112068558,255.371172700868,330.497913338636,238.597488873038,126.691119307948,136.489707794245,263.800117494688,131.474193066757,321.761868884115,155.381552462771,176.649897826251,487.76723211869,126.150733867256,138.882725673917,259.63757011579,0,298.885379376596
459.827344988242,341.885627078987,283.285604066597,324.190829193977,341.646047994921,256.236708165265,356.952394097346,352.031893558742,243.390758060248,341.646047994921,243.265024813497,242.484852955102,242.506016329238,240.826753456517,460.075325749818,333.068802744469,275.180469033138,202.372896813026,458.719332315142,294.07137019099,272.46963998718,338.459910397085,457.48789251199,347.606264961869,329.25085835651,322.80036564333,322.408132724606,184.650628156906,376.221555872919,333.552161656166,314.831087882552,301.817948967213,297.309721789856,155.104427388097,347.606264961869,243.390758060248,237.975444163931,295.94805769206,241.757692116619,239.64668185006,326.474503060223,315.816635576073,356.952394097346,303.594173327515,265.418466906692,279.732661164545,341.533222583686,341.533222583686,224.308874134517,295.94805769206,301.535512181252,150.204437887089,356.952394097346,295.73218447501,314.542327457634,299.86252614129,335.364796488834,341.646047994921,296.534634212062,352.031893558742,460.467720790209,312.550124099435,462.527436394224,241.293271670955,237.724235273073,243.880205717446,242.251929052094,243.747887451597,237.724235273073,376.221555872919,231.28525294553,394.533986207187,275.009360481765,242.037766994012,316.422607160265,278.353327143615,244.57218973022,348.173218818445,330.239467723807,283.285604066597,241.155042024623,349.642240729685,243.265024813497,324.099681017242,304.475422039655,318.028976590427,91.4182485945729,340.564390537567,322.82708749334,277.046723933194,465.182132290338,220.759939145734,319.553619614175,347.714852996241,316.442555172351,331.067420568816,231.419075786658,294.120624420461,295.94805769206,318.181095403573,309.582227764585,316.442555172351,338.459910397085,243.880205717446,330.239467723807,251.762328771139,316.915736175966,245.455520616535,244.57218973022,324.777754627857,362.73017705869,322.372222074973,249.620081597859,309.051514683887,347.714852996241,315.816635576073,349.269031830439,243.390758060248,236.788826992192,231.419075786658,246.921810721643,376.221555872919,457.853636014271,241.283431184919,276.471824646733,322.372222074973,316.959237139654,149.521118219306,355.135902985229,324.734795570359,302.504925305638,320.626543485017,328.698240593285,266.027650271996,278.353327143615,346.153032289136,341.533222583686,275.009360481765,237.975444163931,346.153032289136,315.816635576073,362.73017705869,316.422607160265,295.94805769206,318.181095403573,315.48377872971,295.863425944682,241.283431184919,316.915736175966,295.94805769206,348.173218818445,316.959237139654,350.279718579795,457.236850729743,245.455520616535,239.104474144675,295.94805769206,317.647789894953,242.486677569376,358.349469731105,243.390758060248,349.269031830439,276.520402882795,296.726906629433,0,239.849347487482,455.994037664641,318.028976590427,319.971698429881,318.028976590427,319.215340653316,339.382545616984,333.552161656166,242.402560370761,308.451799794495,245.455520616535,318.144138825386,336.07247652568,227.767975130297,331.067420568816,285.903319833148,354.954187958363,376.221555872919,466.214850353315,318.028976590427,338.459910397085,236.77245657312,298.885379376596,0
